OrderedDict([('CNN_layer.weight', tensor([[[[ 2.4951e-01, -2.5156e-01,  1.9159e-01, -4.8340e-02],
          [-4.3209e-02, -2.5840e-01,  3.6553e-02,  2.6890e-01],
          [-5.7017e-01, -2.7712e-01,  7.7328e-02, -4.6763e-02],
          [-2.6714e-01,  2.8971e-01,  2.0811e-01,  7.4370e-02]],

         [[ 7.0052e-04,  1.3135e-01,  6.6082e-02, -4.7492e-01],
          [ 1.6775e-01, -2.9297e-01,  1.1256e-01,  1.6477e-01],
          [ 3.9899e-01,  3.9062e-01,  3.1454e-01, -1.2676e-01],
          [-2.7795e-01,  4.9000e-02, -2.4676e-01,  3.5260e-01]]],


        [[[-4.5879e-01,  1.4187e-01,  3.2656e-01,  2.4757e-01],
          [-3.2502e-01, -1.7347e-01,  2.8298e-01,  1.2721e-02],
          [ 3.4905e-01,  1.9118e-01,  3.8163e-01, -1.9431e-01],
          [ 4.5989e-01, -3.0505e-01, -3.9802e-01,  5.9358e-03]],

         [[ 2.1759e-01,  4.2603e-01,  1.3793e-01,  3.2439e-01],
          [ 1.6476e-01,  3.2908e-01, -4.2313e-01,  5.1115e-01],
          [-2.0349e-01, -3.4117e-01, -3.1443e-01, -4.1640e-02],
          [-4.0866e-02,  4.4401e-01,  6.8612e-02, -1.2939e-01]]],


        [[[ 1.3820e-01,  2.9774e-01, -6.8811e-02,  7.4411e-02],
          [ 1.2325e-02,  3.7599e-01,  5.1471e-01, -2.9597e-01],
          [-3.8890e-01,  9.5096e-02,  5.0058e-02,  4.6045e-01],
          [ 1.3501e-01,  3.8313e-01, -1.7923e-01,  1.2481e-01]],

         [[-3.1988e-01, -2.6865e-01,  3.0350e-01,  2.9590e-02],
          [-2.2730e-01, -2.0224e-01, -4.1965e-01,  3.0667e-02],
          [-2.1371e-01, -1.4731e-01, -7.5447e-02,  2.2510e-01],
          [-1.4474e-01, -6.0838e-02, -2.6577e-02, -7.8596e-02]]],


        [[[-5.4043e-02,  3.9423e-01, -3.0431e-03, -3.2812e-01],
          [ 3.4839e-02,  1.5451e-01, -1.9400e-01, -2.2223e-01],
          [ 4.0482e-01,  4.2510e-01, -4.4352e-01,  7.8360e-03],
          [ 4.7463e-01,  2.9353e-01, -3.4719e-01, -9.1446e-02]],

         [[-9.7333e-02,  5.1763e-02, -1.6703e-01,  3.3400e-01],
          [ 3.1046e-01, -3.3497e-02,  2.7815e-01, -5.3163e-01],
          [-1.9689e-01, -1.6116e-01,  2.0320e-01,  2.9347e-01],
          [ 5.8745e-02,  2.7255e-01, -2.3748e-02,  3.4979e-01]]],


        [[[-6.6989e-01,  1.1701e-01, -7.0008e-02, -4.3569e-01],
          [-8.2216e-03,  1.7831e-01, -3.9895e-02,  2.4430e-01],
          [-1.5985e-02,  8.5120e-02,  5.0525e-01, -1.9645e-01],
          [-1.3896e-01,  1.6307e-01, -1.3106e-01,  3.5150e-01]],

         [[ 2.9922e-01,  1.5899e-01,  2.8939e-01, -8.6252e-01],
          [-3.7594e-04, -1.0479e-01,  2.2240e-01, -2.2921e-01],
          [ 1.7774e-01,  2.8108e-01,  3.9047e-01, -9.1860e-02],
          [ 1.0353e-01, -4.3878e-03, -2.8879e-01, -1.4043e-01]]],


        [[[ 4.2810e-01, -3.5046e-01,  2.8113e-01, -4.4325e-02],
          [-2.4750e-01, -2.4504e-02,  8.1205e-02, -1.5936e-01],
          [ 3.6588e-01, -3.0956e-01, -4.1301e-01,  9.5528e-02],
          [ 2.9422e-01, -1.1855e-01, -5.2542e-02,  1.6561e-01]],

         [[ 4.8161e-01, -3.9416e-01, -1.0329e-01,  9.6069e-02],
          [ 2.8538e-01, -1.5619e-01, -2.6327e-01, -3.2118e-02],
          [-1.2510e-01, -1.0581e-01,  1.6935e-01, -3.6329e-01],
          [ 4.4216e-01, -2.2861e-01, -4.3323e-01, -5.2695e-01]]],


        [[[-4.4566e-01, -3.7592e-01, -3.4166e-01, -4.6025e-01],
          [-6.1804e-01,  4.1855e-01,  4.6864e-01,  1.4210e-02],
          [-4.2737e-02, -1.0274e-01, -4.6304e-01,  4.3726e-01],
          [-3.3408e-01,  3.4896e-01, -1.7094e-01,  1.6696e-01]],

         [[-5.0142e-01,  2.4444e-01,  1.5528e-01,  5.0919e-02],
          [ 4.4206e-01,  3.0316e-01,  1.0232e-02,  2.9792e-01],
          [-1.6548e-01, -1.6136e-01, -2.0649e-01, -2.8600e-02],
          [ 1.0933e-01,  1.0472e-02,  4.6289e-02,  1.4043e-01]]],


        [[[-5.7580e-02,  3.0891e-01,  4.5231e-02, -8.6380e-02],
          [ 1.8238e-01, -3.9843e-01,  1.8693e-01,  2.9473e-01],
          [ 3.1935e-01, -4.5370e-02, -1.7705e-01, -4.0696e-01],
          [-6.2742e-01, -1.3199e-01, -1.6772e-01,  1.6539e-01]],

         [[-3.0382e-01,  4.6552e-01, -4.5182e-01, -1.3773e-01],
          [ 3.0615e-01,  1.3232e-01, -2.0901e-01,  5.0078e-01],
          [-6.9675e-02, -3.4773e-01,  5.7093e-01, -1.5317e-01],
          [-9.2741e-02, -2.0556e-01, -3.1709e-01,  3.3091e-01]]],


        [[[ 8.0500e-02,  3.5513e-01,  4.0386e-01,  2.2613e-01],
          [-3.0928e-01,  2.2916e-01,  2.1531e-01, -3.0830e-01],
          [ 2.2086e-01, -6.9107e-02,  3.5263e-01, -1.4628e-01],
          [ 5.3561e-02, -1.5628e-02, -3.6107e-01, -1.4554e-01]],

         [[ 2.0965e-01, -1.4907e-01, -5.7435e-01, -2.8514e-01],
          [-1.9404e-02,  4.9911e-01, -5.4273e-02,  6.0054e-02],
          [ 3.6697e-02,  7.4401e-02,  4.4861e-01,  1.5102e-01],
          [ 1.3779e-01,  3.3024e-01, -4.2379e-01,  4.7332e-01]]],


        [[[-9.7915e-02,  3.9291e-01, -3.8952e-03, -1.4974e-01],
          [-2.1229e-01,  5.5648e-01,  8.7825e-02, -2.1925e-01],
          [-1.2437e-01,  2.2023e-01, -1.5731e-01, -4.4060e-01],
          [-1.6174e-02, -3.1170e-01,  1.5370e-02,  9.7653e-02]],

         [[-2.5951e-01,  3.3480e-01, -2.5982e-01,  2.7053e-01],
          [ 1.1878e-01,  2.4194e-01,  3.3928e-01,  5.0490e-02],
          [-5.1286e-01, -4.6550e-01,  4.1279e-02, -4.1461e-02],
          [-8.3881e-02,  5.1813e-02, -1.3209e-01,  4.5216e-01]]],


        [[[-3.7887e-01,  5.8334e-01, -1.2029e-01,  9.7842e-02],
          [ 3.1691e-01,  3.8849e-01,  4.7486e-01,  2.7105e-01],
          [ 3.3446e-01,  4.2336e-01,  1.9214e-01,  2.5359e-01],
          [-2.1922e-01, -3.2982e-01, -2.4205e-01, -1.1165e-01]],

         [[ 3.5942e-02, -2.7395e-01,  2.9530e-01,  1.8213e-01],
          [ 5.8749e-02,  2.2957e-01,  4.7631e-01, -2.1755e-01],
          [-6.4400e-02, -2.0063e-01, -1.2135e-01,  3.6002e-01],
          [ 1.9269e-01,  4.9182e-04, -2.3554e-01,  3.7612e-01]]],


        [[[-4.7179e-01,  1.3794e-01,  2.7938e-01,  2.9673e-01],
          [ 1.4321e-01, -4.1529e-01,  4.4843e-01,  1.9162e-01],
          [-3.7014e-02, -4.2216e-01,  1.9311e-01,  4.0819e-01],
          [-1.9116e-01,  9.9435e-02,  4.5052e-02,  6.1770e-02]],

         [[ 3.1674e-01,  4.0936e-01, -1.6439e-03, -2.7909e-01],
          [-3.8007e-01,  6.1430e-02,  3.2493e-01, -4.2304e-02],
          [ 1.5232e-01, -4.5133e-01,  4.8028e-01,  5.9152e-02],
          [-3.8332e-01, -9.5295e-02,  2.3987e-02, -1.2245e-01]]],


        [[[-1.3300e-01, -2.5889e-01, -6.5987e-02,  9.1750e-02],
          [-4.3837e-02,  3.2320e-01, -2.3742e-01, -2.2144e-01],
          [-1.0520e-01,  3.5821e-01, -2.8818e-01,  2.2119e-01],
          [-2.2368e-01, -2.5272e-01, -3.9186e-01,  3.4008e-01]],

         [[ 4.7466e-01,  1.8694e-01,  3.9642e-01,  6.1115e-02],
          [ 8.1624e-03,  1.0657e-01,  2.7189e-01,  1.3833e-01],
          [-1.0856e-01,  5.4257e-01,  3.2975e-01, -9.1294e-02],
          [-4.5505e-01, -2.7115e-01,  1.2932e-01, -1.6238e-01]]],


        [[[-3.6642e-01, -4.2852e-01,  1.9184e-01,  7.1918e-03],
          [-4.0207e-01, -1.4307e-02, -4.1863e-01,  3.3864e-02],
          [ 1.1772e-01,  2.2337e-01, -3.2639e-01, -7.0455e-01],
          [ 4.6350e-01,  2.8903e-01, -3.5922e-02, -3.7411e-01]],

         [[-1.6395e-02, -3.3988e-01, -6.3106e-01,  9.8633e-02],
          [ 8.0647e-03,  2.2556e-01,  9.9810e-03, -1.6142e-01],
          [-1.7165e-01, -1.0944e-01, -6.3935e-01,  3.4722e-01],
          [ 3.4683e-01, -3.5424e-01, -3.7816e-01, -2.2798e-01]]],


        [[[ 3.7794e-01, -2.9464e-01,  5.0141e-01,  2.1443e-01],
          [ 6.6919e-02,  2.1384e-01, -3.4163e-01, -7.4876e-01],
          [-1.8721e-01,  5.2189e-01, -1.9481e-02, -1.9292e-01],
          [ 2.3716e-01,  2.3517e-01,  1.7171e-01, -5.0093e-01]],

         [[ 3.6968e-01,  3.0040e-01, -3.9455e-01, -6.4491e-01],
          [ 3.5201e-01, -1.9218e-01, -4.4574e-01, -5.6289e-02],
          [-6.2485e-02, -5.9025e-02,  1.9035e-01, -1.9867e-01],
          [-4.3956e-01,  1.2467e-01,  7.7401e-02, -1.7234e-01]]],


        [[[-1.2446e-01,  7.7860e-02, -3.1858e-01,  2.6810e-01],
          [-3.7486e-01,  3.0696e-01,  2.2867e-01, -9.9812e-02],
          [-3.0346e-01, -1.2587e-01, -2.6392e-01,  1.6005e-01],
          [-4.8338e-01, -2.8446e-02, -2.5650e-01, -3.6442e-01]],

         [[ 1.5312e-01,  1.0134e-01, -1.3537e-01,  1.4743e-01],
          [ 2.8072e-01, -6.7609e-02,  7.8750e-02,  2.6662e-01],
          [-1.6234e-01,  3.7066e-01, -1.8847e-01, -9.8860e-02],
          [ 2.5815e-01,  4.5430e-01,  1.0635e-02,  5.0848e-01]]],


        [[[-8.9420e-02,  5.4584e-03, -2.1292e-01,  4.2157e-01],
          [ 1.4954e-01, -1.7201e-02, -5.7517e-02,  1.0432e-02],
          [-3.3016e-01, -1.7344e-01,  1.6228e-01,  4.6657e-01],
          [-9.4966e-02,  3.0473e-02, -2.1711e-01, -2.8906e-01]],

         [[-6.2099e-01, -3.6866e-02, -4.4560e-01, -1.4967e-02],
          [-1.7277e-01, -4.6297e-02,  2.2370e-01,  1.7855e-01],
          [-6.0470e-02, -4.1273e-01,  7.6265e-02,  1.3925e-01],
          [-2.3284e-01,  5.3316e-01,  4.1534e-01,  1.8761e-02]]],


        [[[ 3.6718e-02, -6.3007e-02, -2.0905e-01,  2.2962e-01],
          [ 3.7610e-01,  4.7308e-01,  1.9469e-01,  2.8650e-02],
          [-2.4769e-01, -8.1799e-02, -1.3314e-01,  7.5582e-02],
          [ 3.3815e-02, -3.5358e-01,  3.8097e-01, -3.6165e-01]],

         [[-1.7378e-01,  5.1426e-01,  2.7008e-01,  4.5277e-01],
          [ 2.4431e-01, -1.5273e-01, -4.0019e-01,  2.5584e-01],
          [-3.5427e-01,  3.6099e-01,  3.4566e-01,  3.2070e-03],
          [ 3.1665e-02, -9.1565e-02,  5.2760e-01,  4.3425e-01]]],


        [[[ 1.9191e-01, -3.9615e-02,  2.8298e-01, -8.3334e-02],
          [-2.6483e-01,  1.4092e-01, -2.0029e-01, -3.1146e-01],
          [ 2.1941e-01,  4.5181e-01, -3.5739e-01,  3.0705e-01],
          [-2.2727e-01, -1.3302e-01,  2.6020e-01,  5.0174e-02]],

         [[-2.8449e-01, -3.2676e-01, -4.8059e-01,  1.2577e-01],
          [ 2.0631e-01,  2.9131e-01,  1.1676e-01,  2.8683e-01],
          [-1.0842e-01, -1.8587e-01,  8.4464e-02,  2.1971e-01],
          [ 2.8743e-01,  6.3410e-01,  1.8299e-01, -2.6629e-01]]],


        [[[-3.0217e-01,  1.1836e-01, -1.3763e-01, -2.1814e-01],
          [-9.6260e-02,  6.2376e-01, -7.2749e-02, -2.2451e-01],
          [-1.7679e-01,  4.0269e-01, -1.9693e-01,  1.5588e-01],
          [-4.3606e-01, -2.7681e-01,  1.2732e-01,  3.2433e-01]],

         [[ 3.9127e-02, -3.1248e-01,  1.3783e-01,  1.3803e-01],
          [-7.8891e-02,  2.4834e-01,  3.5378e-01,  4.4132e-01],
          [-6.4112e-01,  3.8081e-01, -1.4021e-01, -4.1947e-02],
          [-1.3009e-01, -1.8586e-01,  2.6578e-01,  2.5262e-01]]],


        [[[-2.7349e-01,  4.4448e-01, -4.0349e-01, -1.2362e-01],
          [ 2.0491e-01,  2.7355e-01, -8.9237e-02, -2.8163e-01],
          [-2.9767e-02,  4.0932e-01,  2.1435e-01, -3.3634e-01],
          [-5.0530e-02, -3.5258e-02,  5.6015e-01,  1.7305e-01]],

         [[-1.6999e-01, -2.2709e-01,  1.5134e-01,  4.7018e-02],
          [ 3.4525e-01, -1.3657e-01,  1.4239e-01,  3.5851e-01],
          [ 1.1947e-01,  2.3441e-01,  1.8154e-01,  3.8373e-01],
          [-2.1184e-01, -3.3218e-01, -3.9993e-02, -1.7913e-01]]],


        [[[-3.9976e-01, -8.2478e-01, -1.9594e-01,  1.2846e-01],
          [ 1.8859e-02, -8.4785e-02, -3.1369e-01, -6.0915e-01],
          [-7.6382e-01,  4.4423e-01, -2.0291e-01,  2.7103e-01],
          [ 6.2777e-02, -1.7183e-01,  1.0302e-01, -7.9421e-02]],

         [[-3.5246e-01, -3.2038e-01, -9.2374e-02,  1.7455e-01],
          [-3.1066e-01, -9.2379e-03,  2.3955e-01, -6.3873e-01],
          [-1.9486e-01, -6.4159e-01, -2.4855e-01, -4.5517e-02],
          [-3.5995e-01,  3.4124e-01, -2.4879e-01, -9.3924e-02]]],


        [[[-2.6650e-01, -1.5962e-01, -5.5687e-01, -2.2731e-01],
          [ 1.0190e-01,  1.4736e-01,  4.3250e-01,  4.0934e-01],
          [ 2.3775e-01, -1.3462e-01,  2.9488e-01, -1.0786e-01],
          [-2.9744e-01,  4.1172e-01,  3.8311e-01,  3.2190e-01]],

         [[ 2.4726e-01,  1.6598e-01,  9.2201e-02,  1.9874e-01],
          [ 2.3239e-01,  3.3416e-01, -5.0051e-01, -1.3724e-01],
          [ 5.6536e-02, -3.4029e-01, -1.1010e-01, -2.3089e-01],
          [ 9.8563e-02, -1.5854e-01, -8.8620e-02,  1.0872e-01]]],


        [[[ 6.3799e-02,  2.0291e-01, -5.4695e-02, -2.5055e-01],
          [ 3.5163e-01,  4.1637e-02, -2.6943e-01, -4.5671e-02],
          [ 2.1797e-01,  2.1732e-03, -4.2637e-01, -9.0647e-02],
          [ 3.8844e-01, -2.7101e-01, -2.6671e-01, -5.4701e-02]],

         [[-2.4019e-01, -2.9888e-02,  4.5634e-01,  6.4736e-02],
          [-7.5665e-02,  1.1011e-01, -4.7647e-01, -1.0675e-01],
          [ 4.1009e-01,  2.9310e-01,  1.3601e-01, -2.5371e-01],
          [ 8.0342e-02, -5.3801e-02,  1.8059e-01,  4.5458e-01]]],


        [[[-9.0408e-03, -5.0472e-01, -1.5004e-01,  4.4584e-01],
          [ 5.5267e-02,  4.9051e-01, -8.6565e-02,  3.5325e-02],
          [-4.4196e-01, -1.2149e-01,  1.4800e-01,  1.4036e-01],
          [-4.9757e-01, -1.2818e-01,  1.1349e-01,  1.8675e-01]],

         [[-3.5154e-02,  3.4907e-01, -8.0079e-02,  4.9400e-01],
          [-6.5396e-01, -4.1147e-01, -5.0537e-01, -2.8414e-01],
          [-3.5782e-01,  4.4196e-01,  1.3593e-02, -1.5761e-01],
          [ 1.1312e-01, -1.8065e-01,  1.9244e-01,  2.3916e-01]]],


        [[[-3.5693e-01, -1.6001e-01, -3.1441e-01, -1.9173e-01],
          [-9.1351e-03, -1.2455e-01,  6.0558e-02,  4.2704e-01],
          [-1.1825e-01, -3.5305e-01, -1.2458e-01, -1.2319e-01],
          [-3.2981e-02,  8.6680e-02,  1.7732e-01,  3.6735e-01]],

         [[ 3.4311e-01, -4.4238e-02, -1.0471e-01,  2.7797e-01],
          [-2.2635e-01,  1.4717e-01,  9.3853e-02,  5.2795e-01],
          [ 1.5161e-01,  2.8003e-01, -2.8106e-01,  5.4179e-02],
          [ 3.6589e-01, -7.3214e-02, -2.2204e-01,  2.1371e-01]]],


        [[[ 1.4351e-01, -2.3954e-01,  2.8166e-01,  2.5826e-01],
          [-1.4462e-01,  1.2700e-01,  4.6443e-01,  5.7504e-02],
          [ 1.2015e-03, -3.7877e-01, -1.0630e-02,  6.5946e-02],
          [-8.2626e-02,  2.7384e-02,  1.2999e-01,  4.4939e-01]],

         [[ 1.1000e-01,  1.7628e-01,  7.3993e-02, -2.2234e-01],
          [ 4.3860e-01, -6.8024e-01, -2.2936e-01, -2.0914e-01],
          [ 2.5697e-02,  2.3937e-01,  1.9635e-01, -2.3577e-02],
          [ 2.7838e-01, -2.3198e-01,  1.1718e-01, -9.0645e-02]]],


        [[[ 5.3003e-01,  3.4095e-01,  2.7300e-01,  3.1034e-01],
          [-6.2026e-01,  4.2096e-01, -4.7710e-01, -6.2975e-01],
          [ 3.2212e-01, -4.4198e-01,  6.5609e-02,  2.4829e-01],
          [-4.7507e-01,  2.7937e-01, -3.0882e-01,  9.3563e-02]],

         [[ 1.3352e-01, -3.7335e-01, -4.0470e-01,  5.6428e-01],
          [ 5.5838e-03, -1.2103e-01, -2.1600e-01,  3.1444e-01],
          [-1.4413e-01, -2.3328e-01,  8.7114e-03, -2.6525e-02],
          [ 2.9416e-01,  1.5358e-01, -1.9599e-01, -8.6064e-02]]],


        [[[ 4.3601e-02, -3.2915e-01, -4.6284e-01, -2.5115e-01],
          [-4.5701e-01,  4.8813e-02,  2.3939e-01, -2.0339e-02],
          [ 4.0730e-01,  5.6170e-01, -7.0670e-02,  1.9089e-02],
          [-1.4708e-01, -7.9266e-02, -1.4053e-01,  3.0433e-01]],

         [[ 2.7738e-02,  1.5473e-01,  4.1344e-01, -3.8532e-02],
          [ 5.3523e-01,  2.4110e-01, -2.6771e-01, -7.1763e-01],
          [-4.5701e-01, -9.5915e-02,  2.0888e-01, -2.4032e-01],
          [-3.2400e-01,  2.2654e-01, -1.9220e-01, -4.7316e-02]]],


        [[[-6.7172e-01, -4.4212e-01, -5.6181e-01,  2.4069e-01],
          [-2.3448e-02,  1.6226e-01,  5.0714e-01,  1.4535e-01],
          [-2.7691e-01, -3.9906e-01,  3.5105e-01,  2.3808e-01],
          [ 1.2616e-01, -5.2062e-02,  3.3144e-01, -3.9924e-02]],

         [[ 4.7812e-02, -2.6086e-01, -3.2283e-01, -7.1586e-01],
          [-8.4126e-01,  1.5433e-01,  3.5355e-01, -4.6392e-02],
          [-1.3201e-01, -3.3125e-01, -1.2811e-01, -2.6983e-01],
          [-3.2047e-01, -2.8234e-01,  5.5147e-02, -5.6614e-01]]],


        [[[-2.3966e-01,  8.8950e-02,  2.9596e-01,  3.2208e-01],
          [-2.1042e-01,  3.7157e-01, -2.1920e-01, -1.7526e-01],
          [ 8.2441e-02,  2.6496e-01,  2.9821e-01,  9.8573e-02],
          [ 4.7932e-02, -6.5541e-01,  1.7176e-01,  2.8040e-01]],

         [[-7.0149e-01, -4.0182e-02,  1.8149e-01, -2.1352e-01],
          [-1.0154e-01, -3.2932e-01, -5.5553e-01,  1.1630e-01],
          [ 2.0766e-02,  3.2096e-01, -1.9154e-01,  1.0668e-01],
          [-5.2887e-01, -4.2396e-01, -2.2255e-02, -2.5099e-01]]],


        [[[ 7.6420e-02, -2.4250e-01, -4.0429e-02,  1.2216e-01],
          [ 4.2122e-01,  1.4147e-01,  6.9787e-02,  4.5327e-01],
          [ 2.1376e-01,  1.2247e-01, -9.2469e-03, -2.5565e-01],
          [-3.5039e-01, -2.9063e-01,  3.3180e-01, -2.4119e-01]],

         [[ 5.6066e-01,  2.4617e-02, -2.3101e-01,  3.7173e-01],
          [-2.7510e-01, -1.9198e-01, -3.2833e-02,  1.2650e-01],
          [-3.3574e-01, -3.5251e-01, -9.5975e-02, -2.7326e-02],
          [-1.2787e-01,  2.3725e-01, -2.8954e-01,  3.4726e-01]]]])), ('CNN_layer.bias', tensor([-0.0253, -0.0032,  0.1158,  0.0347, -0.1864,  0.0893,  0.1249,  0.1345,
         0.0245, -0.1973,  0.0612, -0.2986, -0.0353, -0.1342, -0.0710,  0.1905,
         0.0662, -0.0607, -0.1396, -0.1074,  0.1467, -0.0694,  0.2141, -0.1384,
        -0.0700,  0.1090, -0.0867, -0.1757, -0.0573, -0.0661,  0.0689,  0.0376])), ('CNN_layer_2.weight', tensor([[[[ 0.0101]],

         [[-0.0924]],

         [[-0.0441]],

         [[ 0.1727]],

         [[ 0.0749]],

         [[ 0.1267]],

         [[-0.0788]],

         [[ 0.1700]],

         [[-0.1242]],

         [[ 0.1754]],

         [[-0.0454]],

         [[ 0.3142]],

         [[ 0.1412]],

         [[-0.0573]],

         [[-0.1147]],

         [[ 0.2271]],

         [[-0.0471]],

         [[-0.2001]],

         [[-0.0824]],

         [[-0.1379]],

         [[ 0.1485]],

         [[ 0.1992]],

         [[ 0.1024]],

         [[ 0.0204]],

         [[ 0.1044]],

         [[ 0.1293]],

         [[-0.1245]],

         [[ 0.0853]],

         [[ 0.0784]],

         [[-0.3641]],

         [[ 0.2742]],

         [[-0.0197]]],


        [[[-0.1412]],

         [[-0.1363]],

         [[ 0.0934]],

         [[-0.0947]],

         [[ 0.1104]],

         [[ 0.0525]],

         [[ 0.0518]],

         [[ 0.1031]],

         [[-0.1653]],

         [[-0.3108]],

         [[ 0.1786]],

         [[-0.0117]],

         [[-0.1233]],

         [[ 0.1807]],

         [[ 0.2188]],

         [[ 0.0957]],

         [[-0.1303]],

         [[-0.2247]],

         [[ 0.1491]],

         [[-0.2699]],

         [[ 0.0345]],

         [[-0.5167]],

         [[ 0.0993]],

         [[ 0.1243]],

         [[ 0.3266]],

         [[-0.1487]],

         [[ 0.0751]],

         [[ 0.1866]],

         [[-0.1613]],

         [[-0.0071]],

         [[ 0.2480]],

         [[ 0.0567]]],


        [[[ 0.1847]],

         [[-0.2063]],

         [[-0.0164]],

         [[ 0.0851]],

         [[-0.0688]],

         [[ 0.1949]],

         [[ 0.2558]],

         [[ 0.1750]],

         [[-0.2643]],

         [[-0.2968]],

         [[-0.2317]],

         [[-0.0773]],

         [[-0.2742]],

         [[-0.8259]],

         [[ 0.1441]],

         [[ 0.1811]],

         [[ 0.0442]],

         [[-0.0880]],

         [[ 0.2141]],

         [[ 0.1316]],

         [[-0.1183]],

         [[-0.3004]],

         [[-0.3766]],

         [[ 0.1231]],

         [[-0.0797]],

         [[-0.2749]],

         [[ 0.0277]],

         [[ 0.2275]],

         [[-0.4272]],

         [[ 0.0555]],

         [[-0.5170]],

         [[-0.0424]]],


        [[[ 0.0850]],

         [[ 0.2156]],

         [[ 0.3328]],

         [[-0.0471]],

         [[ 0.1838]],

         [[-0.2135]],

         [[-0.1438]],

         [[ 0.1538]],

         [[ 0.0025]],

         [[ 0.1615]],

         [[-0.1355]],

         [[ 0.0111]],

         [[-0.2129]],

         [[ 0.2700]],

         [[-0.0917]],

         [[ 0.1175]],

         [[-0.1371]],

         [[-0.1274]],

         [[ 0.0463]],

         [[-0.0166]],

         [[-0.1790]],

         [[-0.0198]],

         [[ 0.0719]],

         [[ 0.1724]],

         [[ 0.0374]],

         [[ 0.1301]],

         [[-0.0665]],

         [[ 0.0097]],

         [[ 0.2329]],

         [[ 0.1757]],

         [[ 0.0864]],

         [[ 0.2359]]]])), ('CNN_layer_2.bias', tensor([-0.0278,  0.0494, -0.0326, -0.1609])), ('fc_layer_1.weight', tensor([[-2.3908e-01, -1.1238e-01,  3.0600e-02,  1.3658e-01, -3.3380e-02,
         -1.3548e-01,  3.7352e-01,  9.3113e-02, -9.8549e-02,  1.2817e-01,
         -1.6338e-01,  2.8403e-02, -1.0540e-01,  1.6275e-01,  8.2349e-02,
          3.5647e-01,  2.4163e-02, -3.3297e-01,  3.5856e-01, -1.8711e-01,
          3.3869e-01, -2.8996e-03,  2.0314e-01,  4.3260e-02,  2.5151e-01,
          8.3740e-02, -1.7391e-01, -4.5730e-02, -4.7248e-01,  1.0109e-01,
          3.1950e-01,  2.4106e-01,  7.0504e-02, -4.2683e-01, -2.0241e-01,
         -1.0286e-01, -9.7277e-02, -2.8564e-01, -5.4066e-02,  1.4954e-03,
          2.0016e-01,  7.4196e-01, -3.4275e-01,  1.4955e-01, -4.4620e-01,
          5.4143e-01,  8.7958e-02, -1.3391e-01],
        [-3.1554e-01, -3.4918e-01,  7.3300e-02,  2.8508e-01,  1.0480e-01,
          1.0289e-01,  1.2811e-01,  3.0125e-01,  1.9644e-01, -1.0658e-01,
          3.3680e-01, -2.7600e-01,  2.9388e-01,  3.3437e-01,  2.9901e-01,
          1.8709e-01,  1.4744e-01,  3.2713e-01,  1.5847e-01,  1.4619e-01,
         -1.8204e-01, -2.7748e-01,  3.5364e-01, -9.0406e-02, -5.3639e-01,
          1.5850e-01,  3.8580e-01,  4.3715e-01, -1.0464e-01,  1.5197e-02,
         -1.6759e-01, -2.5092e-01,  1.1420e-02,  1.6434e-01,  5.4673e-03,
         -3.2810e-01,  1.6871e-01, -3.5427e-02,  3.0890e-01,  5.5636e-01,
         -2.3331e-01, -2.9330e-02,  2.3145e-01,  3.1336e-02,  2.0476e-01,
          1.7378e-01, -7.3696e-02,  8.5764e-02],
        [-2.2602e-02,  1.6378e-01,  2.5273e-01,  2.0410e-01,  1.6528e-01,
         -5.8875e-02,  1.3568e-01,  1.4457e-02,  8.3534e-03,  2.8771e-01,
         -4.8621e-01,  5.7812e-02,  5.1429e-01, -3.1065e-01, -2.7558e-01,
          4.4412e-02,  1.9429e-01, -2.8315e-01,  3.8686e-01,  2.2915e-01,
          2.9325e-01,  6.3761e-02,  4.4259e-01,  2.9541e-02,  2.6081e-01,
         -7.7492e-02,  6.9461e-01,  2.8301e-01,  2.5066e-02,  1.0204e-02,
          3.7696e-01, -9.3019e-02, -2.2162e-01, -3.8413e-01,  8.2038e-02,
          6.8439e-01,  1.1503e-02,  6.7340e-02, -2.4856e-02,  2.0258e-01,
         -2.6636e-01,  7.4920e-03,  1.4781e-01, -1.7800e-01,  1.3933e-01,
         -6.7955e-02,  3.6564e-01, -2.3632e-01],
        [ 1.5282e-01,  1.1750e-01, -2.8711e-01,  1.4310e-01,  2.8804e-01,
          1.8625e-01,  4.0987e-02,  3.5637e-01, -9.7511e-02,  8.9068e-02,
         -1.5362e-01, -3.2718e-01, -8.0201e-02, -2.5187e-01, -3.6871e-01,
          2.9567e-01,  2.6242e-01, -9.1559e-02, -2.2915e-01, -3.8192e-01,
          5.1721e-02,  4.2136e-02, -2.5350e-01,  6.0519e-02, -8.0025e-02,
         -3.9590e-01,  2.4840e-01,  5.8084e-02, -2.9261e-01, -1.3295e-03,
         -1.1222e+00,  4.3795e-01, -1.2039e-01, -3.0019e-01, -4.1309e-01,
          1.1483e-01,  1.3025e-01,  7.2206e-02,  9.8048e-03,  1.5586e-01,
         -6.7179e-01,  2.1905e-01, -2.5859e-01,  1.8455e-01, -1.4322e-01,
          1.1317e-01,  8.4046e-02, -4.3232e-01],
        [ 3.3677e-02,  2.2901e-01,  7.1919e-02, -4.1697e-01,  2.7735e-01,
          1.1020e-02,  2.2704e-01, -2.8783e-01, -7.2631e-02,  2.0196e-01,
          1.9458e-01, -1.7188e-02, -3.4173e-01,  1.4914e-01, -1.6910e-02,
          2.5083e-01,  7.1361e-03, -2.7307e-01,  2.1153e-01, -4.4255e-02,
         -5.2669e-01,  5.3910e-01,  4.3258e-01,  1.8812e-01,  3.2265e-01,
          1.4396e-01, -6.6875e-01,  2.0466e-01,  1.7276e-01, -5.4277e-01,
          6.8414e-04, -4.2224e-01, -1.6901e-01, -1.8033e-01,  2.4876e-01,
         -4.0889e-01,  2.2153e-01, -8.5760e-02, -1.7727e-02,  9.2653e-01,
         -1.6334e-01,  1.6763e-01,  2.2682e-01, -5.3845e-02, -1.4015e-02,
         -2.5781e-01, -4.8039e-02,  3.9163e-02],
        [ 2.7261e-01,  2.0542e-01,  1.9272e-01,  2.5600e-01,  1.3626e-01,
         -3.3910e-02,  4.0999e-02,  4.2893e-02, -2.2423e-01,  3.2813e-01,
         -6.0838e-01, -3.6986e-01,  7.9006e-02, -1.4277e-01, -8.7791e-02,
          3.4063e-01,  1.0128e-01,  2.2330e-01,  1.3073e-01, -2.1953e-01,
         -2.9522e-01,  2.8909e-01,  3.1863e-01, -7.5254e-02, -9.7087e-02,
          3.4582e-02,  4.6450e-01,  2.3195e-01,  5.7296e-01, -4.0587e-01,
         -4.7288e-01,  3.0464e-01,  2.1312e-01,  1.7943e-01,  2.2268e-01,
         -1.1948e-02,  1.2612e-01, -3.2521e-01,  1.0808e-01, -8.2406e-02,
          1.0515e-01,  1.4753e-01,  3.1822e-02, -2.7419e-01, -6.7623e-02,
         -4.4786e-01,  1.2591e-01, -4.3619e-03],
        [ 4.8318e-02,  2.3023e-01, -1.0267e-01, -4.2868e-02, -9.5937e-03,
         -1.6525e-01, -1.1928e-01, -9.9650e-03,  2.0137e-01,  3.4133e-01,
          2.4337e-01,  4.3311e-01, -1.9075e-01,  3.6302e-01,  3.0357e-01,
          1.2751e-01,  1.7481e-01,  4.7127e-01, -3.6640e-02, -3.5406e-01,
         -2.4470e-02,  1.1682e-01,  1.0651e-01, -1.7408e-01,  4.8050e-01,
          2.8541e-01,  2.0950e-01,  1.3621e-01,  1.1996e-01,  1.3048e-01,
         -4.0249e-01,  2.4779e-01,  2.0513e-01,  5.7547e-02,  1.6636e-01,
          4.5321e-01,  4.1216e-01,  8.9979e-02,  1.8545e-01,  3.6614e-01,
         -2.2060e-01,  1.5667e-01,  2.6390e-01,  1.0218e-01, -1.3463e-01,
         -5.2153e-01,  3.6891e-01,  1.3651e-01],
        [ 1.7357e-01, -6.5929e-02,  2.2395e-01,  6.3572e-02,  1.8045e-01,
          1.3055e-01,  2.9594e-02,  1.3686e-01,  4.4645e-01, -4.9745e-01,
         -1.7962e-01,  2.8989e-01, -3.9131e-02,  2.8603e-01, -2.9089e-02,
         -1.2692e-01,  6.9945e-02, -7.2887e-02,  2.4487e-01, -8.7685e-02,
          2.5478e-01,  2.1373e-01, -8.9279e-02, -5.5060e-01,  2.6689e-01,
          3.1347e-01,  5.2281e-01, -1.6878e-01,  2.2768e-04,  1.6191e-01,
         -3.6792e-03, -1.7380e-02, -1.0187e-01, -1.6800e-01,  3.5391e-01,
         -8.5332e-02,  3.3921e-02,  7.1770e-02, -1.2799e-01,  3.2587e-01,
         -1.6177e-01, -2.6522e-02,  2.6017e-01, -2.9697e-01,  2.3334e-01,
          1.8345e-03, -1.4023e-01, -1.0013e-01],
        [-3.5484e-01, -2.5908e-01, -3.2327e-01, -8.1696e-02, -1.1056e-01,
          1.8931e-01, -2.9847e-01, -6.7039e-03,  1.4454e-02,  2.9409e-01,
          1.1721e-01,  8.8797e-02, -3.0994e-01, -1.0267e-01, -1.0109e-01,
          5.3647e-01,  3.6827e-01, -4.6597e-01, -3.0803e-01, -4.0375e-02,
         -1.5668e-01,  5.9159e-02, -1.1358e-01, -1.3002e-01, -1.9357e-01,
         -2.7212e-01,  4.2985e-01, -6.2956e-01, -7.7156e-02,  3.3650e-01,
          4.2963e-01,  8.2700e-02,  1.1496e-01,  1.4315e-01, -5.7291e-01,
          1.8850e-01, -5.5362e-01,  1.0028e-01,  2.0003e-01,  5.0705e-02,
         -2.3967e-01,  7.3492e-02,  2.6888e-01,  1.0303e-01,  6.2478e-02,
          2.8764e-01, -1.1354e-01, -1.8554e-01],
        [ 1.4798e-01,  5.3725e-03,  4.2120e-01,  1.5289e-01,  1.5367e-01,
          3.6465e-01,  1.9475e-01, -1.8697e-01, -4.6300e-02,  3.3532e-01,
          8.0357e-02, -6.0946e-02, -3.3763e-01,  5.0081e-01,  2.3228e-02,
         -1.9021e-01,  2.4035e-01, -1.9948e-02, -9.2504e-02, -3.3415e-02,
          1.0548e-01, -1.8142e-01, -1.5076e-01, -2.1880e-01,  8.0773e-02,
         -4.1979e-01,  9.9235e-02,  1.1905e-01,  4.3076e-01,  3.3418e-01,
         -1.7322e-01, -5.2230e-01, -3.6627e-02, -9.8481e-02, -7.5083e-03,
          2.3949e-01, -2.1366e-01,  4.0543e-01, -6.5629e-02,  2.1131e-01,
          1.8788e-01, -2.2605e-01,  1.5329e-01,  3.3054e-01, -2.8726e-01,
         -3.2471e-03, -3.1480e-01, -1.4196e-01],
        [ 1.8366e-01,  1.6037e-02,  1.9195e-01, -1.0824e-01,  1.6883e-01,
         -1.4716e-01,  3.3800e-01,  2.3512e-01, -2.0815e-01,  3.6876e-01,
          5.3645e-04,  6.1691e-02, -3.8821e-01,  2.6803e-01,  2.9685e-01,
          1.0316e-01,  2.4021e-01, -1.1279e-01,  6.6165e-02, -2.3019e-01,
         -3.9263e-01, -3.2862e-01,  3.6735e-01, -5.0489e-01, -8.1723e-02,
         -3.6369e-01,  7.4708e-02,  2.1075e-01,  1.2662e-01, -2.0527e-01,
         -1.6102e-01, -1.5934e-01, -3.7173e-01,  2.5115e-01,  2.9667e-01,
         -5.9112e-02,  1.6236e-01, -1.7649e-01, -2.6721e-01,  2.2202e-01,
         -1.5412e-01, -1.7694e-01, -3.4322e-02,  1.1773e-01,  2.2062e-01,
         -1.3343e-01, -7.1895e-03,  2.7466e-01],
        [-4.3889e-01, -4.6848e-02, -3.3891e-01, -9.7922e-02,  3.3753e-01,
          1.3816e-01, -2.2941e-01, -2.2903e-01, -1.4540e-01, -2.6143e-01,
         -2.6849e-01,  3.1590e-01, -1.1756e-01,  2.1545e-01,  8.3858e-02,
         -1.9999e-01,  3.1045e-01, -4.9750e-01,  2.6422e-02,  1.9129e-01,
          2.4621e-01,  4.4586e-02, -4.5459e-01,  1.5303e-01, -1.5125e-01,
         -1.6397e-01,  4.1472e-01,  1.1529e-01, -6.4238e-01, -5.8258e-01,
          1.6732e-01, -2.1436e-01,  2.2196e-01,  2.3046e-01, -1.4303e-01,
         -1.3797e-01, -1.1324e-01, -5.6447e-02, -4.2805e-02,  1.5881e-01,
         -4.5855e-02,  1.4321e-01, -1.3181e-01, -2.6498e-01,  4.7527e-02,
         -1.0135e-01, -9.3052e-02,  5.4501e-01],
        [-1.7935e-01, -1.0057e-01,  1.8173e-01,  5.1853e-01, -2.1101e-01,
          2.3980e-01, -2.5922e-01, -8.6674e-02,  3.7189e-01,  8.8801e-03,
         -3.2882e-01,  1.8478e-01,  1.0620e-01, -2.3470e-01, -1.0811e-01,
          6.6320e-02,  1.1296e-02,  2.1842e-01, -7.7453e-02,  7.7439e-02,
          1.6385e-01,  1.6802e-01,  3.9439e-01,  3.2447e-01, -5.5328e-01,
          3.0577e-01,  3.3246e-01,  2.1129e-01, -5.3305e-01, -9.0643e-02,
         -3.4046e-01, -5.7497e-02, -8.1644e-02, -1.0531e-01, -6.9151e-01,
          1.1006e-01, -2.8624e-01,  3.6297e-01, -1.2272e-01, -1.4153e-01,
         -1.7370e-02,  2.9435e-01, -4.6377e-01, -1.6250e-01,  1.6129e-01,
         -3.3524e-02,  4.6093e-01, -2.4562e-01],
        [-1.6006e-01,  3.2865e-01, -7.4712e-02,  1.0742e-01,  2.2234e-02,
          9.1912e-02, -2.3788e-01, -1.6190e-01, -1.7030e-01,  9.8140e-02,
          2.2984e-01, -5.4386e-02,  6.4201e-01,  4.4405e-02,  7.3633e-02,
          4.3525e-01,  3.1633e-01,  3.7248e-01,  1.6326e-01,  2.7240e-01,
          1.3754e-01,  3.0640e-01,  3.4144e-01, -5.0593e-02, -8.0170e-02,
         -1.3845e-01, -5.9553e-02, -4.0857e-01, -3.6441e-02, -1.0340e-01,
         -5.2463e-01,  2.7430e-01, -6.6209e-02,  1.7283e-01,  2.6519e-01,
         -2.0291e-01, -3.5762e-01,  1.6683e-01, -7.1840e-02,  4.0740e-02,
         -3.6214e-01,  4.4298e-01,  1.7945e-01, -1.6546e-01,  1.5304e-01,
         -1.6370e-01,  2.1612e-01, -3.5912e-01],
        [ 9.8080e-02,  2.2877e-01,  1.4185e-01,  3.0881e-01, -1.8478e-01,
         -2.3608e-01,  1.7158e-01, -3.5924e-03,  2.2078e-01, -2.5637e-01,
         -9.7018e-02,  2.8359e-01,  4.3223e-01,  1.9135e-01, -1.7410e-01,
         -1.4477e-01, -1.1010e-01, -2.4995e-01,  7.1878e-02, -3.6625e-02,
         -1.3791e-01, -2.6170e-01, -8.9103e-02, -7.6673e-02, -4.8220e-02,
          3.1700e-01,  1.0599e-01,  1.8276e-01, -2.5414e-01,  1.4769e-01,
         -4.0945e-01, -7.0861e-02,  8.7298e-02,  5.9989e-02,  5.4761e-03,
         -6.6028e-01,  5.4662e-01,  3.8960e-01,  3.0109e-01,  5.9907e-02,
          1.3963e-01, -1.3680e-01,  3.7223e-02, -3.8936e-01,  1.7139e-01,
          2.3461e-01,  5.2272e-02, -3.2313e-01],
        [ 1.7471e-01,  4.2416e-01, -4.8149e-02,  4.1308e-01, -2.5478e-01,
          1.7948e-01,  5.9180e-03, -3.8709e-01, -3.8479e-01,  5.4941e-02,
         -4.0178e-01, -4.1442e-01, -2.5035e-01,  1.2083e-01, -3.3650e-03,
         -2.4183e-01,  1.8764e-01, -4.5690e-02,  9.5208e-02,  1.0520e-01,
          5.3758e-01, -1.1367e-01,  1.7098e-01, -5.5368e-02,  8.4453e-02,
         -4.6599e-01,  9.3446e-02,  5.6109e-02,  2.1909e-02, -3.5556e-01,
          1.8387e-01,  5.7509e-03, -2.4229e-01,  1.4990e-01, -3.5054e-01,
         -4.2880e-01, -6.6756e-02, -6.1806e-03,  1.3562e-01,  2.5199e-01,
         -2.3799e-01, -3.9726e-01, -1.9900e-02, -4.7047e-01,  2.1462e-01,
         -2.7328e-01,  6.4756e-03,  5.9347e-03],
        [-3.2779e-01, -5.9595e-02, -3.0311e-02, -5.4561e-01,  3.1447e-01,
          3.7120e-03,  1.8685e-01, -2.4883e-01, -9.4205e-02,  2.4286e-01,
          1.5540e-01, -3.2732e-01,  3.2460e-01,  5.5733e-02,  2.4685e-01,
         -7.4816e-02,  5.1874e-02,  2.7868e-02, -7.5830e-02, -1.0873e-01,
          2.0435e-02,  2.2749e-01,  2.9143e-01, -1.7829e-01, -2.6451e-01,
         -3.7152e-01, -1.1058e-01, -1.4175e-01, -2.1097e-01,  1.1946e-01,
          2.8942e-01,  5.0778e-02,  6.2502e-02, -8.4263e-02, -3.6709e-02,
          1.9206e-02, -5.5319e-01, -3.2220e-01, -1.4453e-01,  3.0564e-01,
          2.1721e-01,  8.3276e-02,  1.3618e-01, -4.2621e-01,  1.2253e-01,
          6.6899e-02,  3.0124e-01, -3.6286e-01],
        [-4.8588e-02,  1.3801e-01,  1.4174e-01,  7.3368e-02, -4.6093e-01,
         -4.1843e-02,  3.7271e-01,  1.5624e-01,  2.1916e-01,  1.3703e-01,
          1.3759e-01,  3.8953e-01, -4.0155e-02, -5.9555e-02,  6.2970e-02,
         -3.0145e-01,  1.3731e-01,  6.8611e-02, -5.6538e-01,  9.8959e-02,
          1.6800e-02, -5.8902e-01,  5.7678e-02,  3.1738e-01,  2.3424e-01,
          1.0077e-01,  7.8562e-03,  1.5631e-01,  1.3440e-01,  2.7905e-01,
         -6.1392e-02, -1.8253e-01, -2.1582e-01,  1.3826e-01,  4.8708e-01,
          2.9010e-01, -5.6718e-02, -8.5623e-02,  4.2963e-01,  4.3516e-02,
         -2.2454e-01,  5.0990e-02, -1.5868e-01,  1.2012e-01,  2.8516e-01,
         -2.0677e-01, -9.1607e-02, -1.7326e-01],
        [-1.0297e-01,  5.2877e-01,  2.3002e-01, -1.2295e-01, -2.1172e-02,
         -3.8841e-02,  7.3365e-02,  3.1427e-01, -3.6058e-01,  1.1943e-01,
         -5.5252e-01, -1.8580e-01, -7.4820e-02,  3.2866e-01,  6.6154e-02,
         -4.2476e-02, -1.7556e-01, -2.4879e-01,  3.9787e-01, -2.7930e-02,
         -2.8344e-01,  4.5326e-01, -1.5763e-01,  1.0728e-01, -1.1747e-01,
         -5.0892e-02, -4.4101e-01, -1.2650e-01, -4.6024e-01, -3.2223e-01,
          2.0840e-03,  3.5719e-01, -1.7318e-01,  3.5062e-02, -4.6162e-01,
          1.8750e-03, -4.3748e-01,  4.5875e-01, -3.4999e-02,  1.2307e-01,
          5.7961e-02, -7.7062e-02,  2.0638e-01, -6.5855e-02,  1.0326e-01,
          1.4839e-01,  2.4039e-01,  1.9403e-01],
        [-4.4188e-02,  2.4013e-01,  3.7499e-01,  1.0615e-01,  2.0035e-01,
         -3.2005e-01,  1.6603e-01,  7.4736e-02, -1.0100e-03, -6.2731e-01,
         -4.1731e-01,  8.8210e-02, -8.2139e-02,  5.8673e-01, -3.4332e-02,
          3.6880e-01, -4.0214e-01,  6.5973e-02, -1.7090e-02,  2.0727e-02,
          3.2711e-01,  2.1869e-01, -2.5160e-01, -2.9929e-01, -1.2937e-01,
          2.7289e-01, -4.9009e-01,  1.3035e-01,  3.3320e-01,  8.0745e-02,
          6.2557e-02,  3.2614e-03,  2.2218e-01,  1.9219e-01,  3.3012e-02,
          4.2324e-01,  4.9143e-02,  1.3053e-01,  4.7696e-01, -3.3506e-01,
          6.1096e-02,  1.9624e-03, -1.8519e-01, -1.2605e-01, -1.4390e-01,
          1.4391e-01,  2.3883e-01,  1.0048e-01],
        [-1.9339e-01, -8.0461e-02, -3.6114e-01, -2.2575e-01, -3.3349e-02,
         -4.1095e-01,  2.4154e-01,  5.0933e-02, -3.0034e-02, -8.2124e-02,
          3.4835e-02,  5.8279e-02,  1.1670e-01,  1.0635e-01,  2.1488e-01,
         -3.7287e-01, -3.2515e-01,  1.2344e-01,  7.8126e-02, -3.9722e-01,
          2.9249e-01,  4.1688e-01, -1.6247e-01, -1.0932e-01,  1.2787e-01,
          2.4842e-01, -1.4314e-01,  4.6824e-01, -2.5732e-01,  8.0316e-02,
         -1.8810e-01,  3.8446e-03, -1.9058e-01,  1.0086e-01,  2.5690e-01,
          2.6755e-01,  1.4869e-01,  2.4866e-01,  1.0626e-01,  1.1216e-01,
          4.6584e-02, -4.1814e-02, -1.9980e-02, -2.9664e-01, -2.2243e-03,
         -1.6302e-02,  6.0259e-01, -2.3673e-01],
        [ 1.2442e-01, -1.1273e-01,  1.2369e-01, -9.2323e-02, -7.5297e-02,
          2.9624e-01,  3.4482e-01, -3.0813e-01, -4.2300e-01,  3.1138e-01,
          3.1798e-01, -1.8356e-01, -2.5959e-01,  2.7842e-01, -4.0451e-02,
          3.5686e-04, -3.8939e-04, -8.4757e-02, -3.4320e-01,  1.3211e-01,
          4.4293e-01,  1.3458e-01,  3.6460e-01, -2.9846e-01,  2.5757e-01,
         -3.6192e-01, -1.3966e-01,  1.8040e-01,  7.4470e-03,  3.1472e-01,
         -7.0214e-02, -3.3847e-01, -1.2234e-01, -3.1028e-01,  6.0952e-01,
          3.2094e-01, -2.7125e-01, -1.9104e-01, -3.3904e-03,  2.3681e-02,
         -6.1841e-02, -5.1457e-01,  2.4869e-01, -8.7824e-02, -2.3653e-01,
         -6.6674e-02,  1.5139e-02,  8.6287e-02],
        [-1.3983e-01, -3.2172e-01, -1.4965e-01,  9.5666e-02,  6.4003e-02,
         -1.5626e-01, -3.0355e-02, -2.7566e-02, -9.6823e-02, -3.7501e-02,
          8.1338e-02,  2.2660e-01,  2.8693e-02, -2.6834e-02,  2.5164e-01,
         -3.9457e-01,  3.7762e-01, -5.2692e-02,  1.4398e-01,  2.0087e-01,
          1.9299e-02,  7.5370e-02,  3.5912e-02, -7.8417e-02,  2.0152e-01,
          3.2975e-01, -4.1638e-01,  5.1521e-01, -7.0651e-01, -3.2495e-01,
          3.4311e-03, -1.5173e-01, -3.5153e-01,  1.5541e-01,  4.4481e-01,
          6.3915e-02,  5.3117e-01, -2.2183e-01, -1.2487e-01,  1.1855e-01,
          1.3069e-01,  3.2596e-01,  4.4745e-01, -4.1254e-01,  8.7151e-02,
          2.2546e-01,  3.8130e-01, -1.1318e-01],
        [ 2.3040e-01,  8.0837e-02,  1.1936e-01,  1.2209e-01,  8.8396e-02,
         -1.1814e-01, -2.3270e-01,  1.5611e-01,  9.2963e-02, -3.1662e-01,
         -2.7892e-01, -2.6327e-01, -3.7764e-01,  3.9037e-01, -1.8594e-02,
         -4.0347e-01, -1.5305e-01, -7.4171e-02,  1.4973e-01, -3.0582e-01,
         -6.3104e-02, -3.9298e-01,  9.4571e-03, -4.7299e-01, -2.1471e-01,
         -2.4332e-01,  1.3783e-01, -8.1134e-02,  3.8421e-01,  1.2373e-01,
         -5.0963e-01, -2.9276e-01,  1.4730e-01, -5.7463e-01, -1.5483e-01,
          2.2921e-01, -1.6386e-01,  1.4304e-01,  3.1090e-02, -2.1118e-01,
          3.3684e-01, -2.3601e-01,  1.4172e-01, -5.4555e-02,  2.0273e-01,
          1.5960e-02,  3.2937e-01,  6.2340e-01],
        [ 8.0851e-02, -1.0931e-01, -2.6480e-01, -1.8774e-01,  1.7290e-01,
         -1.8260e-01,  3.8798e-01,  4.3965e-01,  1.0697e-01,  2.8235e-01,
         -1.1637e-01,  3.7717e-01,  5.2292e-02, -3.1640e-01,  4.4902e-01,
         -2.4375e-01, -2.5213e-01, -5.5821e-02, -1.7992e-01, -1.5509e-01,
         -1.9925e-01,  1.4858e-01, -4.8489e-01, -2.0244e-01,  3.1969e-02,
         -1.8080e-01,  2.0280e-01, -6.9297e-02,  1.5624e-01,  2.9881e-01,
          2.0164e-01,  2.0216e-01,  2.7206e-01,  1.8648e-01, -4.3226e-01,
          1.6829e-01, -4.0487e-01,  1.2993e-01, -6.5117e-02,  3.8335e-01,
          5.2436e-02, -7.1991e-02,  4.3921e-01, -5.2784e-01, -3.6609e-01,
          9.3988e-02,  2.6350e-01,  2.7091e-01],
        [ 3.0369e-01,  2.2881e-01,  3.2761e-01,  1.1995e-01,  7.8619e-02,
          8.3701e-02,  4.2956e-01, -1.5327e-01,  1.0202e-01,  3.7063e-02,
         -2.9324e-02, -2.2760e-01,  8.8215e-02, -1.7623e-01,  3.3594e-01,
          1.4331e-01,  1.1059e-01, -4.9946e-01, -1.2769e-01,  4.2125e-01,
         -4.6214e-02, -3.1651e-01, -3.3605e-01,  1.5800e-01,  1.7776e-01,
          2.2892e-01, -2.6212e-01, -1.6828e-01, -2.5651e-01, -1.3551e-02,
          1.7639e-01, -6.8705e-01,  2.0970e-01,  1.3074e-01,  1.3383e-01,
          4.0718e-01, -4.6623e-02,  2.7171e-01, -4.0792e-01,  3.3495e-02,
          1.7488e-01, -2.0065e-01, -2.4477e-01, -5.5896e-02, -3.4777e-01,
         -8.6703e-02,  9.6872e-02, -9.9064e-02],
        [ 5.1773e-03,  1.9331e-01, -2.3241e-01, -6.6397e-02,  1.2874e-01,
          7.5124e-03,  1.7103e-01, -3.0964e-01,  2.2669e-01,  6.0224e-02,
          2.6800e-01,  4.5081e-01, -6.1796e-01,  1.3764e-01,  2.9531e-01,
         -8.8885e-03,  4.3231e-02, -1.8830e-01, -9.6912e-02,  3.0094e-01,
          4.7404e-01, -1.1542e-01, -2.1140e-01, -3.3771e-01, -1.0309e-01,
          5.2675e-01, -4.5539e-01,  1.4917e-01, -5.6688e-02, -5.0181e-01,
          5.9897e-01, -4.5180e-01, -3.6443e-01, -3.6030e-02,  8.4931e-02,
         -4.1689e-02,  2.4221e-01,  2.6538e-01,  3.1856e-01,  4.3199e-02,
         -3.6005e-01, -8.4385e-02,  4.0350e-02, -3.7064e-01, -1.1269e-01,
          5.5755e-02, -2.5179e-01, -1.8297e-01],
        [-3.7910e-02, -7.0802e-02, -1.5735e-01, -8.0461e-02, -3.7924e-01,
          1.7363e-01,  2.5317e-01,  2.2930e-01, -2.3696e-01, -2.3716e-01,
         -1.7116e-01, -1.4061e-02,  1.2039e-02,  2.0061e-01,  3.7047e-01,
          2.7799e-01, -6.6514e-02,  7.1826e-01,  2.1004e-01,  3.8611e-01,
         -7.2675e-02,  1.3361e-01,  5.9234e-01, -1.4058e-01,  2.6781e-01,
          5.0568e-01,  4.6631e-01, -1.6262e-01,  6.1704e-02, -5.9041e-01,
          2.7396e-01,  3.1728e-01, -7.9214e-02, -1.5019e-01,  1.4267e-01,
         -9.1077e-02, -1.4330e-01, -9.0076e-02, -1.4110e-01,  3.6395e-01,
         -1.7945e-01, -2.0598e-02,  2.7019e-02,  7.7289e-02,  1.8668e-01,
         -2.8670e-01, -1.2202e-01, -7.7592e-02],
        [-5.4198e-02, -8.0977e-02, -6.1511e-01,  7.0282e-02,  4.5020e-01,
          5.2859e-04,  3.9562e-01,  4.4881e-02,  1.4411e-01, -3.0649e-01,
         -4.5835e-01,  4.5566e-03, -1.5970e-01,  6.4254e-02,  9.0136e-02,
         -1.9711e-01, -1.1667e-01, -2.4034e-02,  4.0727e-01,  1.3586e-01,
         -9.8878e-02, -7.9954e-02, -2.9553e-02, -2.7557e-02, -4.6098e-01,
         -1.1294e-01, -7.7239e-02,  7.4150e-02,  2.1876e-01,  2.0555e-01,
          2.5867e-01,  1.4020e-01, -6.0138e-02,  1.8772e-01,  2.3519e-01,
         -9.9875e-02,  4.6105e-01,  2.0910e-01,  6.5327e-02,  1.3331e-01,
          2.7216e-01, -2.0557e-01, -9.0741e-02,  2.2822e-01, -3.5715e-02,
          2.2056e-01, -4.8521e-01,  6.9749e-02],
        [ 2.5464e-01, -2.0629e-01, -1.4462e-01,  3.0723e-01, -4.0692e-02,
          2.2429e-01, -1.9645e-01,  2.8437e-01,  2.5740e-01, -2.1212e-01,
          1.4893e-01, -1.1756e-01, -4.4323e-03,  1.8885e-01,  1.1860e-01,
         -2.5077e-01,  1.3550e-01, -3.5813e-02,  2.9352e-01,  6.5456e-02,
         -3.1886e-02, -2.8876e-01, -2.3348e-01,  2.5277e-01,  5.4376e-01,
          1.8084e-01, -1.2875e-01,  1.8172e-01,  1.7904e-01, -1.3532e-01,
         -6.6942e-01,  2.7074e-02,  1.6161e-01,  2.7581e-01, -2.4087e-01,
         -3.1324e-01, -2.4549e-01,  8.7934e-02, -3.2959e-01, -3.2794e-01,
          4.3235e-02, -4.5213e-01, -1.0511e-02,  5.7809e-01,  1.0250e-01,
          1.5650e-01, -3.5426e-01,  3.1158e-01],
        [-3.1803e-01,  1.7481e-01,  3.1939e-04,  1.2906e-01, -4.5749e-03,
          1.3204e-01, -3.3622e-01,  1.5216e-01,  3.7988e-01, -3.5966e-01,
          2.7679e-01,  1.7508e-01,  1.8701e-01, -1.6276e-01, -6.2691e-02,
         -9.3421e-02, -3.6172e-02,  1.3700e-01,  2.2251e-01, -1.5866e-01,
          4.0457e-01,  1.3078e-01,  1.4247e-01,  2.1470e-01, -3.9705e-01,
         -8.0011e-02, -6.6756e-02,  2.4836e-01, -5.7894e-02, -3.0214e-01,
          2.9073e-01,  2.3983e-01,  3.9366e-01,  1.5417e-01, -1.1765e-01,
          3.9331e-01, -3.9091e-01,  1.4043e-01, -5.0797e-02,  2.9983e-01,
          1.4636e-01, -1.3660e-02, -8.4176e-02,  1.8873e-01,  2.0600e-01,
         -2.3404e-01, -1.5568e-02,  1.3034e-01],
        [ 1.2563e-01, -1.2485e-01,  1.5186e-01, -8.4917e-02,  2.9941e-01,
         -1.3279e-01,  3.4812e-03, -1.6503e-01,  1.2525e-01, -1.0880e-01,
          1.9552e-01,  8.0039e-02, -4.1191e-01, -4.0464e-01,  1.7684e-01,
         -5.5071e-02, -2.0495e-01,  7.1789e-02,  1.8217e-01, -3.4626e-01,
          4.0977e-01, -4.0325e-01,  1.6936e-01,  2.7741e-01,  4.0436e-01,
         -7.5528e-02,  5.5159e-01, -1.3286e-01, -4.5891e-02,  2.7941e-01,
         -3.0610e-01,  1.8319e-01, -8.0597e-02,  4.6265e-02, -1.7726e-01,
          5.0432e-01,  6.8013e-02, -1.1233e-01, -3.4501e-02,  8.5203e-02,
         -4.4805e-02,  3.7656e-02,  7.9873e-02,  3.6293e-01,  4.3736e-01,
         -2.9846e-01, -2.6369e-01,  6.1835e-02],
        [ 7.7706e-02,  2.4534e-02, -1.2129e-01,  6.3114e-02, -1.7029e-01,
          5.0917e-01,  3.0016e-01, -1.8846e-01, -1.0756e-01, -2.1026e-01,
          6.8412e-02,  2.7399e-02, -2.9826e-01,  1.6442e-01,  9.5898e-02,
          8.3129e-02,  1.6455e-01, -3.5184e-01, -8.1797e-02, -8.6893e-02,
          1.3835e-01, -2.3823e-01, -2.1195e-01,  1.8164e-01,  6.1360e-02,
          4.9175e-02, -4.0605e-02, -9.7736e-02,  2.9066e-01,  1.2893e-01,
          4.6344e-01, -1.8314e-01,  4.8959e-02, -8.6213e-02, -5.6280e-02,
          3.2564e-01, -1.6587e-01,  1.4084e-01,  5.7553e-02, -2.8991e-01,
          7.0874e-01,  6.0523e-02, -2.7384e-01,  2.9143e-01, -1.0450e-01,
          3.3179e-01,  2.1403e-01, -2.0678e-01],
        [-1.7157e-01, -7.0485e-02,  3.3376e-02, -7.9053e-02,  2.4439e-01,
          2.2723e-01, -1.3967e-01, -1.0326e-01,  1.4589e-01,  3.6558e-01,
          9.8830e-02,  3.7515e-01,  1.5484e-01,  8.4870e-02,  1.9088e-02,
          8.4145e-02,  5.5927e-02, -5.8149e-02, -1.4755e-01,  3.2565e-01,
         -4.1565e-01,  2.0434e-01, -2.8545e-01,  1.3000e-02, -5.0516e-01,
         -3.3623e-01, -1.1777e-01,  4.3787e-01,  3.5749e-01,  2.2344e-02,
         -9.4357e-02,  2.0411e-01,  2.8875e-01,  6.2597e-02,  2.3335e-01,
          4.4091e-01, -2.2067e-01,  2.9553e-01,  6.2831e-01,  4.1524e-01,
         -1.8878e-01, -2.4872e-01,  1.6110e-01,  1.5207e-01, -2.0815e-01,
         -8.8910e-02, -1.0457e-01, -2.2927e-01],
        [-3.9409e-02, -4.5863e-01,  4.7289e-02, -9.3556e-02,  2.5952e-02,
         -2.3048e-01, -1.1902e-01,  2.1877e-01, -2.9013e-01, -3.4903e-01,
          1.4445e-01,  7.2290e-02,  9.6169e-02,  1.6938e-01, -6.9546e-02,
          7.2735e-02, -2.8271e-01, -3.7378e-01,  7.8740e-02, -3.8790e-01,
          2.3921e-01, -2.1874e-01,  4.3267e-01,  7.8329e-02, -7.1616e-01,
          2.2717e-01, -2.2553e-01, -4.8300e-02, -6.2619e-01, -8.5653e-01,
          3.5805e-01,  2.7095e-01, -2.4866e-01,  8.8353e-02, -2.4400e-01,
          3.5791e-01,  2.7319e-01,  2.6290e-01,  1.3363e-01,  2.6480e-01,
         -2.6540e-01, -2.0364e-01,  7.5563e-02,  1.0689e-01,  3.7106e-01,
         -4.4542e-01,  1.9497e-02,  7.6530e-02],
        [-3.0458e-02, -9.9559e-02, -9.6780e-02,  3.7547e-01,  7.5376e-02,
          1.5068e-01,  1.4412e-02,  5.4434e-02, -9.5768e-02,  2.5032e-01,
         -4.5880e-01, -2.0063e-01, -2.2614e-01, -1.0726e-01,  1.9385e-01,
          1.3060e-01, -7.9583e-02,  2.6336e-01, -1.8664e-01,  1.8406e-01,
          2.5763e-02, -1.5678e-01, -4.9666e-01,  1.2842e-01, -5.6165e-01,
         -1.3937e-01,  8.1451e-02, -3.7949e-02, -5.1957e-02, -1.4075e-01,
          3.7492e-01, -4.0513e-01, -1.4384e-01, -2.8887e-01,  8.1549e-01,
         -2.9960e-01, -5.0606e-01,  2.0915e-02, -4.9343e-01, -7.6172e-02,
          3.4586e-01,  2.8638e-01,  1.9638e-01,  9.1364e-03, -1.5504e-01,
          2.1110e-01, -1.6469e-01,  2.7535e-01],
        [-7.6987e-02, -1.9766e-01,  3.5866e-01,  1.5585e-01,  1.6818e-03,
          1.0016e-01,  3.5147e-01, -6.6529e-02,  1.5771e-01,  2.5521e-01,
         -2.3058e-01,  7.2548e-02, -1.4282e-01,  3.5662e-01,  2.2087e-01,
          6.3852e-02, -6.0598e-02, -2.1171e-01, -5.2388e-02,  1.4475e-01,
         -1.0081e-01, -4.0717e-01, -3.3694e-01, -1.5762e-01, -9.9300e-02,
         -3.2953e-01, -3.8474e-01, -8.6398e-02, -1.9565e-01, -1.0072e-01,
          2.6259e-01,  1.7588e-02, -2.7087e-02,  3.6745e-01, -6.6238e-02,
          8.1807e-03, -1.9065e-01,  3.5660e-01, -6.5634e-02, -2.0642e-01,
          9.8748e-02, -1.6747e-01,  5.1755e-01,  5.8248e-02,  9.7807e-02,
          1.6986e-01, -1.2358e-01,  9.5272e-02],
        [ 2.6047e-01, -2.5451e-01,  1.5242e-01,  5.0360e-01,  2.7284e-01,
          2.9719e-01,  2.5433e-02,  2.1746e-01, -1.4327e-01, -2.4444e-01,
         -1.5629e-01, -1.6865e-01,  3.5902e-01,  4.8715e-03, -1.1787e-02,
          1.2549e-01, -1.0249e-01, -4.6766e-01,  3.9657e-02,  4.8406e-01,
         -6.6151e-02,  7.7492e-02,  5.3247e-01, -8.0787e-02, -3.3898e-01,
         -4.2375e-01, -4.8810e-01,  2.6178e-01,  4.1906e-01, -1.2250e-01,
          3.6198e-02,  3.7643e-01,  1.1287e-01,  5.9253e-02,  3.0838e-01,
         -3.9262e-02,  9.8056e-02, -1.3816e-01,  2.0744e-01, -2.2216e-01,
         -1.2021e-01, -6.8737e-02, -2.1985e-02, -3.0950e-01, -2.4313e-01,
          1.8686e-01, -8.2977e-03,  3.9746e-02],
        [ 4.8906e-01, -1.2984e-02, -8.6381e-02,  3.7221e-01, -1.7205e-01,
          1.4187e-01,  8.8764e-02, -4.5990e-01, -1.7941e-01,  1.8359e-01,
         -2.5982e-01, -2.1105e-01,  4.5804e-04, -3.5022e-01, -3.3622e-01,
          3.4764e-02,  3.5440e-02, -3.0076e-01,  1.4892e-02,  5.0322e-01,
          1.5408e-01, -6.3125e-02,  3.3878e-01, -8.3211e-02,  1.9020e-01,
         -3.2650e-01, -1.0709e-01, -1.8943e-02, -7.9931e-02, -6.9904e-03,
         -1.4388e-01, -6.8841e-02, -3.7516e-01, -8.1886e-02, -2.1494e-01,
         -1.1995e-01, -5.3468e-02, -1.0069e-01,  2.2553e-01,  8.6683e-02,
          3.5691e-01, -5.9658e-02,  1.1575e-01,  5.7720e-02, -4.0069e-02,
          1.8761e-01,  1.0227e-01,  1.6611e-01],
        [-6.3511e-02, -1.2033e-01,  1.8412e-01,  3.4231e-02, -4.1238e-01,
          1.2901e-01, -1.2899e-01, -1.8273e-01, -3.9480e-01, -2.1072e-01,
          3.9257e-01,  1.6892e-01,  2.0000e-01, -1.5396e-01,  3.7373e-01,
         -3.5068e-01,  1.4866e-01, -2.8307e-02, -2.9259e-02, -9.0634e-02,
         -4.6081e-01,  9.6703e-02, -1.9581e-02,  1.8882e-01,  3.7090e-01,
         -2.9847e-01,  1.5622e-01,  2.1119e-06, -2.0386e-02,  1.2746e-01,
         -4.1925e-01,  8.8864e-02,  1.5316e-01,  1.5475e-01,  1.4786e-01,
          1.3050e-01, -2.9732e-01, -2.9268e-01, -2.4203e-02,  1.2768e-01,
         -5.2953e-02,  2.4547e-01, -1.3925e-01,  1.5057e-01,  5.7580e-02,
          4.6152e-02, -1.4483e-01,  4.4538e-01],
        [ 1.8348e-01,  1.9125e-01, -2.5821e-02, -3.9787e-01,  5.7691e-02,
          1.9710e-01,  1.0433e-01, -2.1953e-01, -2.3856e-02, -2.6633e-01,
          2.4363e-02, -3.1859e-01,  5.5981e-02, -3.8467e-02,  6.1080e-01,
          1.0059e-01,  3.6305e-02, -1.4407e-01,  3.0840e-01, -1.2192e-01,
          6.8550e-02,  3.3972e-01, -4.2549e-02, -3.8410e-02,  3.3544e-01,
         -2.3915e-01, -3.0025e-01,  1.8222e-01,  1.5202e-01, -3.1879e-01,
         -2.7252e-01,  4.3248e-01, -2.6159e-01,  1.4126e-01, -2.6982e-01,
         -3.2657e-02, -2.3763e-01, -2.5589e-01, -1.1413e-01,  5.7925e-01,
         -6.3865e-02, -1.5755e-01,  3.8648e-01,  2.8932e-01,  3.4836e-01,
          3.4986e-01,  3.4314e-01, -2.4619e-01],
        [-1.2383e-02, -2.1421e-01,  1.5816e-01,  3.1131e-01, -1.8379e-01,
         -1.8450e-02,  1.3463e-01,  2.1358e-01,  2.5244e-01, -2.5193e-02,
          1.7132e-01,  5.0524e-03,  5.1653e-02, -2.3060e-01, -1.6787e-02,
          4.0731e-01,  6.3198e-02,  1.8996e-01, -5.6853e-02, -9.7075e-02,
         -2.3697e-01,  2.6939e-02, -6.0088e-01, -1.7958e-01, -7.3620e-01,
          4.9227e-01,  4.9667e-01, -2.1738e-01,  2.9200e-01, -5.3599e-01,
         -7.4040e-02,  1.0492e-02,  8.2240e-02, -5.6464e-02,  1.4244e-01,
          6.0948e-02,  2.5920e-01,  7.2633e-02, -5.8364e-01, -2.6408e-01,
          1.2694e-01, -3.1188e-01, -1.0467e-01,  1.3943e-01, -2.8886e-01,
          3.2725e-01,  6.9935e-02, -3.1937e-01],
        [-1.8491e-01, -1.8744e-01, -2.5441e-02, -4.0415e-01, -2.6968e-02,
          1.9287e-01,  2.3165e-01, -2.9281e-01, -2.2515e-01, -4.0026e-01,
          3.5568e-02,  6.7908e-02, -2.2415e-01, -3.9430e-01,  2.0574e-01,
          2.8913e-02, -1.0350e-01,  1.0048e-01, -1.9384e-01,  2.2543e-01,
          1.1381e-02, -1.7515e-01,  1.0481e-01, -3.8476e-04,  3.4062e-01,
         -4.2534e-01, -8.4059e-01,  9.9072e-02,  2.5056e-01,  4.8540e-02,
         -3.9365e-01,  1.2276e-01, -1.0506e-01,  4.9319e-01,  1.7505e-01,
          1.9846e-01,  4.3118e-01, -6.3650e-02, -3.4003e-01,  7.3046e-02,
         -1.7743e-01, -1.7239e-01,  4.8270e-03,  4.0536e-01,  7.0139e-02,
         -5.1820e-02, -2.6750e-01,  7.2151e-02],
        [-1.7841e-01,  1.4227e-01, -5.5869e-01, -3.3159e-01, -2.7520e-01,
         -3.2976e-01, -2.2771e-01, -1.6818e-01,  3.2932e-01,  1.5010e-02,
         -4.1607e-01, -1.6028e-02,  5.9053e-02,  1.3870e-01, -1.9215e-01,
          2.5676e-01,  1.4118e-01,  4.3226e-01, -2.0887e-01, -1.1095e-01,
          1.7897e-02, -1.8155e-01,  1.1764e-01, -2.2864e-01, -4.6788e-02,
          3.2758e-01,  6.6998e-01, -3.1905e-01, -6.1919e-01, -1.1891e-01,
         -1.8966e-01,  1.1305e-01, -6.5788e-01,  2.5430e-01,  3.9851e-01,
          1.1286e-01,  4.7483e-02, -3.8837e-01, -3.9165e-01,  1.2298e-01,
          4.3248e-01, -1.8996e-01,  1.2797e-01, -1.4032e-01, -1.3156e-01,
         -2.3283e-01,  9.2694e-02, -1.5710e-01],
        [ 2.4516e-01, -2.3657e-01,  1.8508e-01, -1.9761e-01,  1.5284e-01,
         -2.2253e-01,  1.3125e-01, -6.9642e-02, -1.5204e-01,  2.6774e-01,
         -3.6958e-01, -6.9923e-02, -1.3068e-01, -2.5631e-01, -2.2182e-01,
          2.8310e-01, -9.0063e-02,  1.0157e-01, -4.6133e-01,  2.8080e-01,
          9.5219e-02,  1.4240e-01,  7.0972e-03, -1.3147e-02,  4.9716e-02,
          1.4923e-01, -1.7400e-01, -2.7274e-01, -5.8547e-01, -1.9943e-01,
         -9.6950e-01,  5.6805e-02,  4.2204e-01,  1.8535e-01,  4.1039e-01,
          1.3961e-01,  9.4910e-02,  3.5792e-01,  4.2229e-01,  1.5830e-01,
          6.6819e-02,  1.4538e-01, -3.6801e-01,  3.4105e-02, -6.1221e-02,
          3.3591e-01, -2.3496e-01, -3.3183e-01],
        [-2.8045e-01, -2.2193e-01, -2.6050e-01,  1.7054e-01, -2.1323e-01,
         -2.2665e-02,  2.4206e-02,  1.2103e-01, -2.3987e-01, -1.0403e-01,
         -2.0006e-01,  4.0073e-01,  4.1651e-01, -4.8878e-02,  3.1531e-01,
         -2.2033e-01, -1.0810e-01, -2.0885e-01, -5.1692e-01, -9.7478e-02,
         -3.2781e-01, -3.0354e-01, -3.0716e-01,  3.5018e-01, -2.7112e-01,
          4.8257e-01,  1.4389e-01,  2.5300e-01,  2.0224e-01,  1.9445e-01,
          5.9373e-01, -4.0179e-02,  4.3650e-02,  1.2761e-01,  2.4288e-01,
          3.9866e-01,  1.9315e-02, -1.1306e-01,  1.0623e-02, -3.1688e-01,
         -2.6886e-02, -1.3546e-02,  2.0720e-01, -1.8294e-02,  2.3752e-01,
          1.0547e-01, -2.2529e-01, -1.3775e-01],
        [ 1.9255e-01, -3.3797e-02,  5.7318e-02, -3.2671e-01, -1.1945e-01,
          1.6346e-01, -5.5352e-02, -2.1644e-01, -6.1260e-01,  2.0935e-01,
         -3.6951e-01, -2.1128e-01, -3.4417e-01, -1.6621e-01, -6.9680e-02,
         -1.6176e-01, -7.3325e-02, -3.1109e-02, -1.0718e-01, -3.4124e-02,
         -1.0503e-01, -7.5517e-02,  1.7603e-01,  1.4343e-01, -6.2138e-01,
          3.2364e-01,  1.2003e-01, -1.2360e-01,  1.1213e-01,  8.1420e-02,
         -3.0535e-01, -9.2483e-02,  9.3106e-02, -5.4735e-02, -1.1324e-01,
         -3.6747e-01, -6.3285e-01,  9.9707e-02,  2.6806e-01, -7.2972e-02,
         -2.8459e-01,  2.7959e-01,  3.5218e-03,  1.5695e-01, -2.6734e-01,
         -1.1467e-02,  3.2043e-02,  3.0911e-01],
        [ 2.0736e-01,  2.4150e-02, -2.2788e-01, -4.7100e-02,  2.3413e-01,
         -3.4225e-02, -6.2168e-03,  3.2941e-01,  9.5630e-02,  1.1395e-01,
          2.1281e-01,  2.5142e-01,  3.5845e-01,  1.7682e-02,  4.6244e-01,
         -1.8167e-01,  3.1365e-02,  2.7363e-01, -5.2252e-02,  2.0155e-01,
         -7.6913e-02, -3.6574e-01,  1.4322e-01, -3.9635e-01, -6.4756e-01,
          1.2829e-01, -1.7532e-01, -2.0583e-01,  2.0475e-01, -2.4720e-01,
         -7.4663e-01, -1.6156e-01, -2.9287e-01,  2.4859e-02, -3.5261e-01,
         -5.4316e-01,  1.2813e-01, -1.2676e-01,  3.2252e-01,  1.9782e-01,
          3.6981e-01, -9.6790e-02,  8.8839e-02, -2.2277e-01, -8.8596e-02,
         -1.7764e-01, -3.1540e-01,  1.7041e-01],
        [-2.1423e-01,  2.9454e-01,  1.5837e-01, -3.4317e-02,  2.3828e-01,
          1.3885e-01, -1.2438e-01,  2.1341e-01, -1.4179e-02,  3.3259e-01,
          2.0275e-01,  3.4182e-01, -3.5580e-01, -1.2541e-01, -1.9344e-01,
         -2.2130e-01, -1.8672e-01,  1.4032e-02, -3.7723e-01,  2.8683e-01,
         -3.6391e-01, -2.7528e-01,  1.2170e-01, -2.0427e-01,  1.9025e-01,
          2.2133e-01,  4.8766e-02, -1.0473e-01,  5.0356e-02,  1.7103e-03,
         -7.9868e-01,  1.1760e-01, -6.4619e-01,  1.4996e-01,  4.2180e-01,
          3.9550e-01,  1.7680e-01, -3.4178e-01, -3.2366e-01, -7.6490e-02,
          2.7306e-01,  3.0073e-01,  1.4767e-01,  1.3805e-01, -1.4660e-01,
          2.3889e-01,  2.5914e-01, -1.5466e-01],
        [ 1.0348e-01, -4.5507e-02, -1.6846e-02,  7.3470e-02,  1.1824e-02,
          3.2174e-01, -6.9427e-03,  1.3758e-01, -4.2965e-01, -9.8164e-02,
         -2.6524e-01, -2.0899e-01,  8.0080e-02, -1.3083e-01,  1.1528e-01,
         -1.2539e-01, -2.0092e-02,  7.9605e-03, -1.5484e-01,  3.9910e-01,
         -2.3846e-01,  7.3926e-02,  1.8578e-01, -2.8808e-01,  1.4480e-01,
          9.9667e-02, -2.4350e-01,  3.3776e-02,  1.2936e-01, -2.3492e-01,
          1.5397e-01, -3.5223e-01, -3.4901e-01, -3.1734e-01, -2.9083e-01,
          5.4709e-01, -4.5931e-01, -4.5075e-02,  2.1492e-01, -1.1114e-01,
          1.3049e-01, -4.6830e-01,  2.6821e-01, -2.1927e-01,  1.2362e-02,
         -5.6663e-01,  2.5522e-01, -1.7660e-01],
        [-3.8598e-01, -2.3892e-01, -5.6110e-02,  3.0093e-01,  3.8779e-01,
          2.4672e-02,  3.5976e-01,  3.2997e-01, -4.6651e-02,  8.6698e-03,
          1.2895e-01, -1.9098e-01, -1.0885e-01, -3.9193e-01,  2.5922e-01,
         -2.1443e-01, -1.3733e-01, -6.1361e-03,  4.4387e-01,  4.4188e-02,
          1.1127e-02,  1.6972e-01, -3.7391e-02, -1.7839e-01, -2.7132e-01,
          3.4670e-01, -4.6087e-01,  4.4963e-01,  1.9299e-01,  8.6803e-03,
          4.9720e-01,  3.4433e-01,  1.8469e-01,  2.0661e-01,  4.7045e-01,
          1.3818e-01,  5.4918e-01, -7.9119e-02, -2.5173e-01,  3.0866e-01,
         -1.0011e-03,  3.3524e-01, -1.1151e-01, -1.5270e-01,  3.1338e-01,
          8.7020e-02,  3.2224e-01, -1.5922e-01],
        [ 1.8751e-01,  9.5118e-02, -8.6111e-02, -2.3252e-01,  3.0793e-01,
          1.5973e-01, -1.2029e-01,  8.4298e-03,  2.1650e-01,  2.0212e-01,
          6.1608e-02, -2.2442e-01,  4.2343e-01, -7.1516e-03,  4.2748e-02,
          1.3590e-01,  7.9328e-02, -4.5315e-04, -3.1221e-01,  5.5707e-02,
          4.5295e-01, -3.5044e-01,  4.2844e-01, -2.1340e-01, -7.4957e-02,
          7.2208e-02, -1.0960e-01,  2.2248e-01, -8.4853e-01, -6.5944e-02,
          2.2868e-01, -6.9636e-02, -2.1807e-02,  2.8958e-01, -5.8793e-02,
         -5.8796e-01, -1.3429e-01, -2.5257e-01, -1.1040e-01,  3.4678e-02,
          3.5215e-01,  6.1534e-02,  4.7687e-01, -5.2669e-02,  5.3985e-02,
         -1.5085e-01, -3.7416e-02,  1.1187e-01],
        [-3.5693e-01, -2.9626e-01, -1.4801e-02,  2.0810e-01, -3.1487e-01,
         -3.4418e-01,  1.6363e-02, -2.7273e-01,  3.0834e-01, -5.2210e-02,
          4.1973e-02, -3.7949e-01,  2.0818e-02,  8.3731e-02,  4.2586e-01,
          3.1378e-01, -2.6369e-01, -6.6476e-02, -4.4357e-01,  9.3875e-03,
         -2.8064e-01, -3.6751e-01,  3.1003e-02, -2.4747e-02,  3.5796e-02,
         -4.7338e-01,  2.0928e-01, -1.7372e-01,  3.0033e-01, -8.9469e-01,
          2.3966e-01,  8.3334e-02,  3.1702e-01,  1.6559e-03,  1.2513e-01,
         -1.7241e-01, -2.6436e-01, -1.9627e-01, -3.1124e-02,  3.7278e-02,
          1.3854e-01, -1.7360e-01, -2.0802e-01, -7.1670e-02,  9.0184e-03,
          1.5735e-01,  3.9491e-02,  1.1707e-01],
        [ 2.3123e-02, -4.7530e-02, -1.8624e-01, -1.5953e-01,  5.1649e-02,
         -3.5737e-01,  1.9390e-01,  1.6481e-01,  3.4643e-01, -3.3469e-01,
          3.7851e-01, -1.5717e-01, -1.8247e-01, -5.4231e-01,  9.9442e-02,
          4.7418e-01,  5.5557e-02, -3.8341e-02,  1.4078e-01,  4.1256e-01,
         -3.1121e-01, -1.9727e-01, -2.1029e-01,  7.8100e-02,  2.2257e-01,
          4.0553e-01,  2.1400e-01,  5.2497e-02,  1.3294e-01,  5.0530e-02,
          2.3469e-01,  2.9881e-01,  1.3672e-01, -1.3455e-01, -5.2515e-01,
         -1.2403e-01, -1.0971e-01,  7.4168e-02,  2.8334e-01, -2.0112e-01,
         -8.4127e-02,  1.2323e-02, -2.8014e-02,  1.1372e-01,  2.6152e-01,
         -3.1377e-01, -4.5199e-02,  2.3902e-01],
        [-2.1345e-01,  2.7173e-01, -4.9868e-01,  5.8372e-02,  1.3359e-01,
          2.5040e-01,  1.8485e-02, -1.8750e-01,  2.1574e-01, -2.5673e-01,
         -2.3958e-01,  2.4915e-02,  2.4150e-01, -4.8138e-01,  2.1585e-01,
         -4.0908e-01,  2.4943e-01,  1.5456e-01,  1.3938e-01, -4.7668e-02,
          8.1570e-02,  2.6093e-01,  1.7873e-01,  2.5608e-01, -6.6282e-01,
         -5.9395e-01,  2.6699e-01,  2.2852e-01,  2.5944e-02,  1.7193e-01,
         -8.0506e-02,  1.0618e-02, -3.7264e-01, -3.0064e-02, -1.2486e-01,
          6.1120e-02, -3.1370e-01,  6.3841e-02, -3.5180e-01, -1.0165e-01,
         -4.4831e-01, -3.4354e-01, -6.5049e-02,  2.6787e-01, -3.2433e-01,
         -4.5928e-02, -4.7011e-01, -1.1985e-02],
        [ 3.7094e-01, -7.6952e-02, -1.4800e-01,  9.9136e-02, -2.3997e-01,
          1.1616e-01,  3.8646e-02,  6.1069e-02, -2.3383e-01, -1.9998e-01,
         -4.1655e-02,  1.4075e-02,  6.2915e-02, -6.2013e-01,  3.8499e-01,
          3.3229e-01, -3.6842e-02,  2.0366e-01, -4.7717e-01, -1.8171e-01,
          8.6161e-02, -2.7386e-02, -4.9423e-01,  5.3741e-02, -1.0155e-01,
          3.6144e-01,  1.8411e-01, -3.2475e-01,  4.5076e-01, -1.0203e-01,
          4.7267e-01,  5.3719e-02,  1.0498e-01,  2.4722e-01, -1.7979e-01,
          1.1974e-01, -1.9553e-01,  4.0047e-01,  1.6927e-01, -8.3112e-02,
         -3.3221e-01,  2.4185e-01,  3.8987e-01,  1.8105e-01, -6.7907e-01,
         -1.3699e-01, -2.2815e-02,  3.4709e-01],
        [ 7.5583e-02,  2.0050e-01,  3.8419e-02,  3.7325e-01, -2.9389e-01,
          1.2856e-01,  3.5605e-01, -1.7690e-01,  3.0952e-01,  1.7663e-01,
          3.4330e-01,  1.7889e-01, -1.2546e-01, -3.0544e-01,  3.4143e-02,
          1.6587e-01,  1.6660e-02, -5.7382e-01,  1.2646e-02,  2.1860e-01,
         -2.3956e-01, -3.6362e-01, -2.4293e-01, -1.7596e-01,  2.1606e-02,
          2.6189e-02,  1.7133e-02,  6.6001e-02,  3.1092e-01,  2.1689e-01,
         -1.2868e-01, -2.6632e-01, -1.9915e-01,  4.9077e-01,  1.3770e-01,
          4.0098e-01,  3.4831e-01, -1.6728e-01,  6.7830e-02,  2.9138e-01,
         -1.4025e-01,  9.7532e-02, -2.0287e-01, -3.5312e-02,  1.0720e-01,
         -4.6800e-02,  8.2288e-02,  1.0444e-01],
        [ 5.1479e-02,  3.8669e-01, -4.2684e-01,  9.6971e-02, -2.8826e-01,
         -2.9106e-01,  2.4723e-01,  2.4407e-02,  4.9112e-02,  1.6595e-01,
         -3.2980e-01, -1.3658e-01,  9.0881e-04, -5.2815e-01,  4.4626e-01,
          3.4927e-02,  5.5326e-02, -2.5537e-02,  1.3431e-01,  1.9130e-02,
         -9.6195e-02,  3.3854e-01,  1.1456e-01,  1.6810e-01,  1.2101e-01,
          2.0881e-02, -2.6349e-01, -1.8123e-01,  5.8107e-02,  1.1087e-01,
         -2.4839e-01,  5.6982e-01,  5.3284e-02,  2.8068e-01,  5.0884e-03,
          1.0424e-01,  4.7818e-03,  3.8431e-02,  1.9299e-01, -3.7961e-02,
          3.9104e-02,  7.5229e-02,  1.5397e-01, -1.2317e-01,  8.2327e-02,
          9.6736e-02,  1.0148e-01,  4.5016e-02],
        [ 3.1477e-01,  2.9689e-01, -1.8034e-01,  1.8340e-01, -1.1200e-01,
         -1.6083e-01,  7.0075e-02,  2.7071e-01, -1.0060e-01,  5.6339e-01,
         -1.3390e-01, -4.5195e-02,  1.4033e-01, -2.5785e-01, -1.1880e-01,
          3.5022e-01,  5.8498e-01, -2.8224e-03,  3.6683e-01,  2.4479e-01,
          1.8451e-01,  1.8596e-01, -9.0481e-02,  4.2918e-01, -3.4902e-02,
         -3.2511e-01,  5.1731e-01, -2.8762e-01, -1.9577e-01, -1.5648e-01,
         -3.7889e-02, -2.2526e-01,  2.0020e-01,  5.7098e-02, -1.5504e-01,
          4.4139e-01, -7.8648e-03,  3.9170e-01, -1.6931e-01,  3.5174e-01,
          2.5575e-01, -4.4888e-01, -2.0123e-01, -2.5734e-02, -3.6793e-01,
          1.2996e-01, -3.4999e-01,  1.1907e-01],
        [-1.9915e-01, -1.9582e-01, -1.9146e-01,  2.3315e-01, -2.2029e-01,
         -3.1727e-01, -4.9720e-02, -4.1049e-02,  5.8365e-02, -1.6330e-01,
          2.9473e-01,  1.5647e-01, -7.1031e-02, -1.2729e-01, -9.1701e-02,
          9.4171e-02,  1.2126e-01,  1.5444e-01,  1.4352e-01,  4.6412e-02,
         -2.7410e-02, -1.7097e-01,  1.4206e-01, -3.8375e-01, -2.0482e-01,
          7.5449e-01, -1.3158e-01,  2.9516e-02,  1.8905e-01,  3.9632e-01,
          7.2508e-02, -5.1160e-01, -2.1962e-01,  3.2889e-01,  1.2157e-01,
          9.9120e-02, -1.6201e-02,  3.3181e-02,  4.2781e-01, -2.7101e-01,
          2.5798e-01,  6.9575e-02, -2.7257e-01,  2.0774e-01, -4.8111e-01,
         -1.5516e-01,  4.7269e-02,  1.7606e-01],
        [-7.9747e-02, -1.2211e-01, -3.1852e-01, -6.4211e-01,  2.4302e-01,
         -1.4690e-01,  3.6343e-01, -1.7505e-01,  4.6014e-02, -3.1361e-01,
          4.5562e-01,  7.3092e-02, -4.3535e-01,  1.7048e-01,  2.6379e-02,
          8.4475e-02, -2.0193e-01,  2.4506e-01, -1.8587e-01, -1.2868e-01,
         -2.6411e-01,  2.1496e-02,  1.2981e-01, -5.1551e-02, -2.3600e-01,
         -2.5647e-01, -2.7621e-02, -4.5308e-02,  4.8534e-02, -3.0246e-01,
         -8.8477e-02,  6.6523e-02, -1.3762e-01, -8.5964e-02, -1.0037e-02,
          1.3840e-01, -2.2586e-01, -5.3236e-02, -3.1372e-01,  4.0784e-01,
         -1.0465e-01,  3.8322e-01,  2.1356e-02, -1.3297e-02,  2.8574e-01,
          1.4344e-01,  1.4101e-01,  1.4906e-01],
        [-2.4440e-01,  3.0647e-02, -5.4036e-01, -1.1535e-01,  3.7343e-01,
          8.6470e-02,  4.1453e-01, -8.7917e-02, -2.1160e-01, -1.2715e-02,
          4.1669e-01, -6.4365e-02,  2.1227e-01,  3.3095e-02,  2.7149e-02,
          2.5869e-01,  1.0607e-02,  6.5920e-02,  4.8382e-02, -2.2180e-01,
         -1.1841e-01,  1.1223e-01,  1.4396e-01,  3.7865e-02, -3.3082e-01,
          3.3756e-02, -4.2826e-01,  2.1067e-01,  2.7702e-01, -1.3116e-01,
          7.2724e-02, -7.2633e-03, -1.5686e-01, -1.2487e-01,  3.7854e-01,
         -1.9502e-01,  2.4558e-02,  2.8407e-01,  6.8701e-01,  3.0616e-02,
         -4.0311e-02,  2.6875e-01,  2.5058e-01, -8.9288e-03, -2.7824e-01,
          7.0104e-02,  1.5181e-01,  2.1998e-01],
        [ 3.4714e-01,  1.9017e-01,  6.2145e-02, -3.6727e-01, -1.2530e-01,
          1.3754e-01, -2.7785e-01,  1.5008e-01, -1.2108e-01, -1.3798e-01,
          5.7172e-02, -4.2012e-01, -1.4538e-01,  3.2518e-01,  3.3725e-01,
          1.0379e-01,  2.1266e-01,  8.7922e-02,  2.9169e-01, -2.2638e-01,
          4.7965e-01,  2.6531e-01,  3.7545e-01,  1.3299e-01, -4.2722e-01,
         -6.0444e-02, -2.6710e-01, -2.3202e-01,  7.3090e-02, -4.4431e-01,
         -5.5739e-01, -2.9416e-02, -6.4656e-02, -3.4822e-01,  1.9973e-01,
          1.8815e-01, -1.1219e-01,  1.5577e-01, -2.7367e-01, -2.9911e-02,
         -1.8123e-01, -1.2712e-01,  4.6473e-01,  1.1180e-01, -7.6714e-02,
          3.1423e-01,  2.6515e-01,  3.2498e-01],
        [-3.5793e-01, -1.5339e-01, -3.5342e-02,  1.8901e-01, -4.7156e-02,
          4.0798e-01,  9.0712e-03,  1.5548e-01,  2.3416e-01, -2.7520e-01,
          1.8776e-01,  2.2601e-01,  9.1599e-03,  1.2548e-02,  1.5862e-01,
          1.9902e-01, -4.2547e-02, -3.3939e-01, -2.3498e-02,  1.1231e-03,
          3.7817e-01,  2.7477e-01, -2.6924e-01,  3.9413e-01, -1.0906e-01,
         -3.7190e-02,  3.0913e-01,  4.5661e-02, -2.5951e-01,  3.5551e-01,
          6.7439e-02, -5.4750e-02, -4.1939e-02,  1.3865e-02,  1.0511e-01,
          2.7709e-01,  2.2859e-01,  1.5339e-01,  2.6200e-01, -2.5014e-01,
         -2.3635e-01, -4.5979e-03, -1.6123e-01, -1.2223e-02,  2.9500e-01,
         -2.1691e-01,  3.6456e-02,  1.3479e-01]])), ('fc_layer_1.bias', tensor([-0.0611,  0.0997,  0.0602,  0.0964,  0.0616,  0.1221, -0.1092, -0.0430,
         0.0752, -0.0720,  0.0050, -0.1011, -0.1112,  0.0088,  0.0896,  0.0766,
         0.0933, -0.0175,  0.0544,  0.1190, -0.1495,  0.1175,  0.0347,  0.0698,
        -0.0494,  0.0302,  0.0432, -0.0461, -0.0701, -0.0140, -0.1478, -0.1212,
        -0.1021, -0.0488,  0.0453, -0.0825, -0.1047, -0.0929, -0.0166, -0.0583,
        -0.1649,  0.0533,  0.0716,  0.0086,  0.0710,  0.0289, -0.1177,  0.0482,
         0.0251,  0.0515,  0.0810, -0.0400,  0.0966,  0.0066,  0.0282, -0.0940,
         0.0705,  0.0606, -0.0907,  0.0248, -0.1130,  0.0289, -0.0945,  0.1113])), ('fc_layer_2.weight', tensor([[ 0.7702,  0.4082,  0.4673, -0.3741, -0.4047, -0.2165, -0.1859, -0.0765,
          0.4179, -0.2815,  0.2011, -0.2390,  0.3610,  0.2941, -0.1272, -0.1107,
         -0.0128, -0.5259,  0.2538,  0.5255,  0.4263, -0.4721,  0.0497,  0.0973,
         -0.1076, -0.5917,  0.2618,  0.2384,  0.3575,  0.5307, -0.4874, -0.0993,
          0.0848, -0.2241, -0.4935, -0.4609, -0.3505, -0.4011,  0.3647, -0.2456,
          0.4736, -0.4455,  0.2495, -0.1636,  0.1950, -0.4815,  0.2323,  0.3114,
         -0.3533, -0.0396,  0.4589,  0.1784,  0.5148, -0.4329,  0.5038, -0.1352,
         -0.5356, -0.6149,  0.3972, -0.0922,  0.4596,  0.3172,  0.3863, -0.2878],
        [ 0.3205,  0.6384,  0.5549,  0.4198, -0.3685, -0.1222, -0.4085, -0.2975,
          0.1732,  0.3499, -0.3240,  0.3787,  0.6537, -0.0989, -0.0695, -0.6825,
          0.1563, -0.2331,  0.5925,  0.1600,  0.2105, -0.1981,  0.5525,  0.3097,
         -0.2020, -0.4034,  0.7306,  0.5032,  0.2696,  0.2219, -0.0096, -0.1061,
         -0.2311, -0.6746, -0.4395, -0.5513, -0.4790, -0.4896,  0.3477, -0.2152,
          0.4900, -0.3443,  0.4460,  0.1151,  0.2826, -0.4060, -0.1758,  0.4831,
         -0.4119, -0.1804, -0.0582,  0.0356,  0.5652, -0.2065, -0.6771, -0.2997,
         -0.6533,  0.2206,  0.0274, -0.2478,  0.5456,  0.4629,  0.2399, -0.3057],
        [ 0.3483,  0.4386,  0.4936,  0.4662, -0.2999, -0.0582,  0.0538,  0.0057,
         -0.4821, -0.0556, -0.1935, -0.1069,  0.2212,  0.0455, -0.3081, -0.0569,
          0.6265, -0.6403,  0.0810, -0.1468,  0.2408, -0.3244,  0.2908, -0.0743,
          0.1852,  0.0269, -0.0217,  0.0966,  0.3013,  0.4790,  0.0305, -0.5562,
          0.5730, -0.3623, -0.1385, -0.3191,  0.3779,  0.2749,  0.0166,  0.0325,
          0.3318, -0.4745, -0.2894,  0.2083,  0.6176, -0.3924, -0.3753,  0.3351,
         -0.4718, -0.0994,  0.0527, -0.0048, -0.0758, -0.3946, -0.0818, -0.1843,
         -0.6023,  0.1606, -0.3886,  0.4768,  0.4935,  0.1747,  0.5410, -0.2383],
        [ 0.7823, -0.0235,  0.1961,  0.4984,  0.1761,  0.4232,  0.0313, -0.1560,
          0.0094, -0.3854, -0.3791, -0.3509,  0.3555,  0.1924, -0.4100,  0.0295,
          0.3154,  0.0949, -0.3129,  0.5137,  0.6000, -0.1302, -0.1504,  0.1865,
         -0.7320,  0.0459,  0.3461, -0.0339,  1.1630, -0.0743, -0.3105, -0.4981,
          0.0231, -0.0878, -0.2062, -0.1366,  0.4524,  0.3024, -0.4540,  0.3084,
          0.4821, -0.3141,  0.2717, -0.1374, -0.1846, -0.3629,  0.0798,  0.2092,
         -0.1678, -0.0185,  0.4316,  0.5982, -0.2313, -0.1868,  0.3842,  0.1361,
         -0.4890, -0.3655,  0.1925,  0.2689,  0.3170, -0.7302, -0.1662, -0.4282],
        [ 0.3591, -0.0831, -0.0611, -0.2298, -0.6440, -0.0195, -0.7826, -0.2455,
          0.5407,  0.0306,  0.5891, -0.3456,  0.7289,  0.7757, -0.1773, -0.3475,
          0.2490, -0.4759, -0.1053,  0.3671, -0.2414, -0.0187,  0.4112,  0.5610,
         -0.0108,  0.0246,  0.4174,  0.8680,  0.5212, -0.1140, -0.1093,  0.0844,
          0.1344, -0.1928, -0.2493, -0.2368, -0.5087, -0.2583, -0.3516,  0.2626,
          0.6589, -0.1076, -0.1299,  0.2365, -0.0242, -0.1956, -0.2296,  0.4689,
         -0.4111, -0.5429,  0.5172,  0.2092, -0.0850, -0.3228,  0.0381, -0.5943,
         -0.4938,  0.2999, -0.0034, -0.0606, -0.1960,  0.3245,  0.9038,  0.2446],
        [ 0.3789,  0.4409,  0.5924,  0.1150, -0.4299,  0.2977, -0.4860,  0.3578,
          0.0152, -0.4470, -0.4968,  0.0018,  0.1623,  0.7894, -0.2248, -0.4912,
         -0.2095, -0.0891, -0.0716,  0.1250,  0.6124, -0.1428, -0.0883,  0.6968,
         -0.4191, -0.5559,  0.3751,  0.2235, -0.0447,  0.2304, -0.6740, -0.4575,
          0.6885,  0.2258, -0.5049, -0.2105,  0.2949, -0.1734, -0.3648,  0.0824,
          0.3544, -0.3064,  0.1804, -0.1544,  0.1759, -0.3712,  0.2148,  0.3931,
         -0.5145, -0.4349,  0.5932,  0.3948,  0.4110, -0.2920, -0.2100, -0.3395,
         -0.5068, -0.3866,  0.2496, -0.0426,  0.8510,  0.1066,  0.4428, -0.1747],
        [ 0.4876,  0.4705,  0.5098, -0.1302, -0.3133,  0.3867, -0.3419,  0.4207,
          0.3219,  0.1929, -0.2801, -0.0555,  0.2615,  0.1963, -0.4669, -0.2735,
         -0.4131, -0.3743,  0.2198,  0.1391,  0.6158, -0.6885, -0.0442,  0.1593,
          0.4456, -0.5431,  0.5487,  0.2767,  0.4621,  0.3748,  0.1766, -0.4470,
          0.0482, -0.5544, -0.4428, -0.5551, -0.0841,  0.1627,  0.1865,  0.4856,
          0.2639, -0.3325,  0.2635,  0.4747,  0.4410, -0.7492, -0.0664,  0.2281,
         -0.4691,  0.2692,  0.2198,  0.2283,  0.6502, -0.6280,  0.0592, -0.7000,
         -0.3036, -0.2422, -0.0590, -0.1213,  0.0620,  0.6454,  0.3937, -0.8007]])), ('fc_layer_2.bias', tensor([-0.0162,  0.0072, -0.0372,  0.1164, -0.1886,  0.0668, -0.1248])), ('bn.weight', tensor([1.7188, 1.4216, 1.6435, 1.4695, 1.6259, 1.0881, 1.4276, 1.1865, 1.4055,
        1.3488, 1.4050, 1.2114, 1.6521, 1.4593, 1.2755, 1.4123, 1.2961, 1.7568,
        1.1463, 1.3131, 1.4315, 1.4802, 1.2797, 1.3988, 1.3696, 1.5175, 1.4357,
        1.4310, 1.5212, 1.3998, 1.3042, 1.2927, 1.2972, 1.4485, 1.3449, 1.5331,
        1.3167, 1.2654, 1.3199, 1.2717, 1.5109, 1.2569, 1.1547, 1.0510, 1.4321,
        1.6366, 1.0321, 1.3879, 1.7357, 1.3369, 1.4536, 1.3095, 1.1187, 1.5211,
        1.1935, 1.4709, 1.5774, 1.3748, 1.2115, 1.2118, 1.6112, 1.6547, 1.5871,
        1.4268])), ('bn.bias', tensor([-0.0337, -0.0438, -0.3013, -0.1422, -0.0776,  0.0569,  0.2040, -0.1546,
        -0.1106, -0.0324, -0.0762,  0.0147, -0.2874, -0.2013,  0.0922, -0.0929,
         0.0089,  0.1025, -0.0341, -0.0193, -0.2281, -0.0164, -0.0536,  0.2891,
        -0.1404, -0.2030, -0.2312, -0.3432, -0.4738, -0.0306, -0.2956, -0.0946,
        -0.1622,  0.0047,  0.0753,  0.0441, -0.2539, -0.2398, -0.1826,  0.0062,
         0.0532, -0.1754, -0.1722, -0.1164, -0.1130,  0.1349, -0.0322, -0.0197,
         0.1036, -0.1107, -0.1007, -0.1177, -0.1059,  0.0193, -0.0552, -0.1296,
         0.1320, -0.0493, -0.0518, -0.0324, -0.0667, -0.0274, -0.0942, -0.1892])), ('bn.running_mean', tensor([ 0.1115,  0.4204,  0.3469,  0.0688,  0.2325,  0.1817,  0.2269,  0.0392,
        -0.0701,  0.0910,  0.0661, -0.2425,  0.0877,  0.3213,  0.1768, -0.0998,
         0.0123,  0.1290,  0.1254,  0.1888, -0.2855,  0.0924,  0.1486, -0.1617,
         0.0430,  0.2349,  0.1346,  0.0601, -0.0865,  0.0680,  0.0412, -0.0638,
         0.0066,  0.1741, -0.1254, -0.0748,  0.0446,  0.1229,  0.0445, -0.1564,
        -0.0327,  0.0613, -0.1320, -0.3788,  0.0754, -0.1483, -0.4193,  0.2468,
         0.1553, -0.1198,  0.2805,  0.1546, -0.1974,  0.0771, -0.1249, -0.1114,
         0.2655,  0.1608,  0.2819, -0.1259, -0.1765,  0.2294,  0.0772,  0.3414])), ('bn.running_var', tensor([0.0456, 0.0418, 0.0364, 0.0333, 0.0594, 0.0621, 0.0388, 0.0308, 0.0349,
        0.0290, 0.0413, 0.0407, 0.0258, 0.0407, 0.0311, 0.0265, 0.0388, 0.0402,
        0.0342, 0.0330, 0.0350, 0.0323, 0.0300, 0.0411, 0.0465, 0.0272, 0.0378,
        0.0422, 0.0412, 0.0247, 0.0223, 0.0231, 0.0317, 0.0272, 0.0291, 0.0281,
        0.0229, 0.0385, 0.0329, 0.0274, 0.0302, 0.0313, 0.0294, 0.0430, 0.0321,
        0.0300, 0.0276, 0.0355, 0.0399, 0.0302, 0.0449, 0.0257, 0.0407, 0.0293,
        0.0333, 0.0357, 0.0297, 0.0256, 0.0346, 0.0237, 0.0374, 0.0389, 0.0317,
        0.0264])), ('bn.num_batches_tracked', tensor(15800))])